11,5.9,71.3,1.05,1.2348,1.0
36,72.0,71.3,1.05,1.2348,1.0
57,51.0,79.8,1.05,1.2348,1.0
58,72.0,79.8,1.05,1.2348,1.0
59,56.0,79.8,1.05,1.2348,1.0
60,149.0,79.8,1.05,1.2348,1.0
72,33.0,71.3,1.05,1.2348,1.0
73,21.0,71.3,1.05,1.2348,1.0
121,75.0,79.8,1.05,1.2348,1.0
125,70.0,79.8,1.05,1.2348,1.0
126,70.0,79.8,1.05,1.2348,1.0
128,226.0,71.3,1.05,1.2348,1.0
129,188.0,71.3,1.05,1.2348,1.0
130,102.0,79.8,1.05,1.2348,1.0
131,104.0,79.8,1.05,1.2348,1.0
132,218.0,71.3,1.05,1.2348,1.0
136,202.0,71.3,1.05,1.2348,1.0
139,482.0,79.8,1.05,1.2348,1.0
140,292.0,79.8,1.05,1.2348,1.0
145,214.0,54.2,1.05,1.2348,1.0
151,360.0,79.8,1.05,1.2348,1.0
152,450.0,79.8,1.05,1.2348,1.0
153,488.0,79.8,1.05,1.2348,1.0
154,432.0,79.8,1.05,1.2348,1.0
155,500.0,79.8,1.05,1.2348,1.0
156,466.0,79.8,1.05,1.2348,1.0
161,432.0,79.8,1.05,1.2348,1.0
162,482.0,79.8,1.05,1.2348,1.0
163,570.0,79.8,1.05,1.2348,1.0
165,494.0,79.8,1.05,1.2348,1.0
169,268.0,78.6,1.05,1.2348,1.0
171,392.0,79.8,1.05,1.2348,1.0
172,438.0,79.8,1.05,1.2348,1.0
173,590.0,79.8,1.05,1.2348,1.0
174,72.0,78.6,1.05,1.2348,1.0
175,422.0,79.8,1.05,1.2348,1.0
176,530.0,79.8,1.05,1.2348,1.0
177,238.0,79.8,1.05,1.2348,1.0
181,364.0,79.8,1.05,1.2348,1.0
182,456.0,79.8,1.05,1.2348,1.0
184,256.0,79.8,1.05,1.2348,1.0
185,226.0,79.8,1.05,1.2348,1.0
190,208.0,78.3,1.05,1.2348,1.0
191,450.0,79.8,1.05,1.2348,1.0
195,630.0,68.9,1.05,1.2348,1.0
196,328.0,78.6,1.05,1.2348,1.0
197,422.0,79.8,1.05,1.2348,1.0
198,478.0,79.8,1.05,1.2348,1.0
200,690.0,71.1,1.05,1.2348,1.0
201,750.0,71.1,1.05,1.2348,1.0
204,43.5,71.3,1.05,1.2348,1.0
205,146.0,71.1,1.05,1.2348,1.0
206,272.0,71.0,1.05,1.2348,1.0
207,258.0,71.0,1.05,1.2348,1.0
208,189.0,71.0,1.05,1.2348,1.0
209,290.0,71.0,1.05,1.2348,1.0
210,366.0,71.3,1.05,1.2348,1.0
211,146.0,71.0,1.05,1.2348,1.0
217,324.0,71.4,1.05,1.2348,1.0
218,54.0,71.0,1.05,1.2348,1.0
219,218.0,71.0,1.05,1.2348,1.0
220,378.0,71.3,1.05,1.2348,1.0
221,228.0,71.3,1.05,1.2348,1.0
223,560.0,71.4,1.05,1.2348,1.0
224,334.0,71.3,1.05,1.2348,1.0
225,322.0,71.3,1.05,1.2348,1.0
226,680.0,71.0,1.05,1.2348,1.0
227,258.0,71.3,1.05,1.2348,1.0
228,298.0,71.3,1.05,1.2348,1.0
229,1080.0,71.3,1.05,1.2348,1.0
230,194.0,71.3,1.05,1.2348,1.0
235,127.0,71.0,1.05,1.2348,1.0
236,146.0,71.0,1.05,1.2348,1.0
237,164.0,71.3,1.05,1.2348,1.0
240,59.0,71.4,1.05,1.2348,1.0
242,151.0,71.2,1.05,1.2348,1.0
243,168.0,71.3,1.05,1.2348,1.0
244,318.0,71.3,1.05,1.2348,1.0
245,3620.0,71.4,1.05,1.2348,1.0
246,460.0,71.3,1.05,1.2348,1.0
247,690.0,71.3,1.05,1.2348,1.0
248,720.0,71.3,1.05,1.2348,1.0
251,2280.0,71.3,1.05,1.2348,1.0
257,1800.0,71.4,1.05,1.2348,1.0
266,940.0,71.0,1.05,1.2348,1.0
267,1180.0,71.3,1.05,1.2348,1.0
268,191.0,71.3,1.05,1.2348,1.0
269,440.0,71.3,1.05,1.2348,1.0
270,1360.0,71.3,1.05,1.2348,1.0
271,1060.0,71.3,1.05,1.2348,1.0
272,1480.0,71.3,1.05,1.2348,1.0
273,185.0,79.8,1.05,1.2348,1.0
274,390.0,71.3,1.05,1.2348,1.0
280,38.5,71.3,1.05,1.2348,1.0
281,126.0,71.3,1.05,1.2348,1.0
282,47.0,71.3,1.05,1.2348,1.0
283,127.0,71.3,1.05,1.2348,1.0
284,31.5,71.3,1.05,1.2348,1.0
285,80.0,71.3,1.05,1.2348,1.0
286,52.0,71.3,1.05,1.2348,1.0
287,168.0,71.3,1.05,1.2348,1.0
288,85.0,71.3,1.05,1.2348,1.0
289,47.0,71.3,1.05,1.2348,1.0
292,74.0,71.3,1.05,1.2348,1.0
293,510.0,71.3,1.05,1.2348,1.0
294,76.0,71.3,1.05,1.2348,1.0
297,73.0,78.6,1.05,1.2348,1.0
298,420.0,71.3,1.05,1.2348,1.0
299,720.0,71.3,1.05,1.2348,1.0
301,19.5,81.9,1.3,1.2348,1.0
302,80.0,78.6,1.05,1.2348,1.0
303,17.9,71.3,1.3,1.2348,1.0
305,191.0,71.0,1.05,1.2348,1.0
308,270.0,71.3,1.05,1.2348,1.0
311,210.0,71.3,1.05,1.2348,1.0
313,53.0,78.6,1.05,1.2348,1.0
315,88.0,78.6,1.05,1.2348,1.0
316,88.0,78.6,1.05,1.2348,1.0
317,324.0,71.0,1.05,1.2348,1.0
318,87.0,78.6,1.05,1.2348,1.0
319,192.0,78.6,1.05,1.2348,1.0
322,114.0,78.6,1.05,1.2348,1.0
323,145.0,78.6,1.05,1.2348,1.0
324,69.0,73.2,1.05,1.2348,1.0
325,63.0,73.2,1.05,1.2348,1.0
326,73.0,73.2,1.05,1.2348,1.0
327,79.0,73.2,1.05,1.2348,1.0
328,270.0,73.2,1.05,1.2348,1.0
329,316.0,71.0,1.05,1.2348,1.0
330,500.0,71.3,1.05,1.2348,1.0
333,278.0,78.6,1.05,1.2348,1.0
336,147.0,71.2,1.05,1.2348,1.0
338,244.0,79.8,1.05,1.2348,1.0
339,220.0,78.6,1.05,1.2348,1.0
342,254.0,78.6,1.05,1.2348,1.0
345,1800.0,71.0,1.05,1.2348,1.0
347,264.0,78.6,1.05,1.2348,1.0
351,730.0,71.3,1.05,1.2348,1.0
357,1120.0,71.3,1.05,1.2348,1.0
361,58.0,79.8,1.05,1.2348,1.0
362,278.0,79.8,1.05,1.2348,1.0
363,1340.0,71.0,1.05,1.2348,1.0
370,1300.0,71.3,1.05,1.2348,1.0
371,1340.0,71.3,1.05,1.2348,1.0
372,1240.0,71.3,1.05,1.2348,1.0
374,1740.0,71.3,1.05,1.2348,1.0
375,1900.0,71.3,1.05,1.2348,1.0
376,1740.0,71.3,1.05,1.2348,1.0
378,63.0,71.3,1.05,1.2348,1.0
379,69.0,71.3,1.05,1.2348,1.0
380,44.5,71.3,1.05,1.2348,1.0
381,29.5,71.3,1.05,1.2348,1.0
390,262.0,71.2,1.05,1.2348,1.0
396,108.0,69.7,1.05,1.2348,1.0
401,21.0,73.2,1.05,1.2348,1.0
402,21.0,73.2,1.05,1.2348,1.0
403,30.5,73.2,1.05,1.2348,1.0
404,306.0,73.2,1.05,1.2348,1.0
405,294.0,73.2,1.05,1.2348,1.0
406,151.0,73.2,1.05,1.2348,1.0
407,1020.0,73.2,1.05,1.2348,1.0
408,1020.0,73.2,1.05,1.2348,1.0
409,1160.0,73.2,1.05,1.2348,1.0
410,422.0,73.2,1.05,1.2348,1.0
411,1040.0,73.2,1.05,1.2348,1.0
412,580.0,73.2,1.05,1.2348,1.0
413,610.0,73.2,1.05,1.2348,1.0
414,302.0,73.2,1.05,1.2348,1.0
415,1120.0,73.2,1.05,1.2348,1.0
416,1200.0,73.2,1.05,1.2348,1.0
417,560.0,73.2,1.05,1.2348,1.0
419,58.0,73.2,1.05,1.2348,1.0
420,240.0,73.2,1.05,1.2348,1.0
428,940.0,73.2,1.05,1.2348,1.0
429,900.0,73.2,1.05,1.2348,1.0
430,214.0,73.2,1.05,1.2348,1.0
431,99.0,73.2,1.05,1.2348,1.0
432,98.0,73.2,1.05,1.2348,1.0
433,218.0,73.2,1.05,1.2348,1.0
434,199.0,73.2,1.05,1.2348,1.0
435,376.0,73.2,1.05,1.2348,1.0
436,63.0,73.2,1.05,1.2348,1.0
437,63.0,73.2,1.05,1.2348,1.0
438,76.0,73.2,1.05,1.2348,1.0
440,66.0,73.2,1.05,1.2348,1.0
442,172.0,73.2,1.05,1.2348,1.0
443,800.0,73.2,1.05,1.2348,1.0
445,680.0,73.2,1.05,1.2348,1.0
446,1040.0,73.2,1.05,1.2348,1.0
455,30.0,73.2,1.05,1.2348,1.0
457,53.0,73.2,1.05,1.2348,1.0
458,1980.0,73.2,1.05,1.2348,1.0
463,488.0,73.2,1.05,1.2348,1.0
464,56.0,73.2,1.05,1.2348,1.0
465,85.0,73.2,1.05,1.2348,1.0
466,85.0,73.2,1.05,1.2348,1.0
467,55.0,73.2,1.05,1.2348,1.0
468,64.0,73.2,1.05,1.2348,1.0
469,84.0,73.2,1.05,1.2348,1.0
470,27.0,73.2,1.05,1.2348,1.0
471,1060.0,73.2,1.05,1.2348,1.0
472,8080.0,73.2,1.05,1.2348,1.0
473,326.0,73.2,1.05,1.2348,1.0
474,31.5,73.2,1.05,1.2348,1.0
475,1300.0,73.2,1.05,1.2348,1.0
476,41.0,73.2,1.05,1.2348,1.0
477,354.0,73.2,1.05,1.2348,1.0
478,36.5,73.2,1.05,1.2348,1.0
479,1220.0,73.2,1.05,1.2348,1.0
480,24.5,73.2,1.05,1.2348,1.0
481,97.0,73.2,1.05,1.2348,1.0
482,31.5,73.2,1.05,1.2348,1.0
483,31.5,73.2,1.05,1.2348,1.0
484,34.0,73.2,1.05,1.2348,1.0
485,139.0,73.2,1.05,1.2348,1.0
486,111.0,73.2,1.05,1.2348,1.0
487,116.0,73.2,1.05,1.2348,1.0
488,64.0,73.2,1.05,1.2348,1.0
489,62.0,73.2,1.05,1.2348,1.0
490,44.5,71.7,1.05,1.2348,1.0
496,39.5,73.2,1.05,1.2348,1.0
497,40.0,73.2,1.05,1.2348,1.0
498,124.0,73.2,1.05,1.2348,1.0
499,204.0,73.2,1.05,1.2348,1.0
501,115.0,71.2,1.05,1.2348,1.0
502,132.0,71.2,1.05,1.2348,1.0
503,158.0,71.2,1.05,1.2348,1.0
504,172.0,71.2,1.05,1.2348,1.0
505,414.0,71.3,1.05,1.2348,1.0
506,248.0,71.3,1.05,1.2348,1.0
511,182.0,55.0,1.05,1.2348,1.0
512,151.0,55.0,1.05,1.2348,1.0
513,77.0,71.5,1.05,1.2348,1.0
514,170.0,71.3,1.05,1.2348,1.0
515,51.0,55.0,1.05,1.2348,1.0
520,510.0,71.3,1.05,1.2348,1.0
523,270.0,71.3,1.05,1.2348,1.0
524,120.0,71.3,1.05,1.2348,1.0
525,580.0,71.3,1.05,1.2348,1.0
526,484.0,71.2,1.05,1.2348,1.0
527,700.0,71.2,1.05,1.2348,1.0
528,116.0,71.3,1.05,1.2348,1.0
529,126.0,71.3,1.05,1.2348,1.0
531,150.0,71.3,1.05,1.2348,1.0
532,480.0,71.3,1.05,1.2348,1.0
533,102.0,71.3,1.05,1.2348,1.0
534,501.07,71.3,1.05,1.2348,1.0
535,131.0,71.2,1.05,1.2348,1.0
536,145.0,71.3,1.05,1.2348,1.0
537,220.0,71.3,1.05,1.2348,1.0
538,139.0,71.3,1.05,1.2348,1.0
539,290.0,71.3,1.05,1.2348,1.0
540,66.0,71.3,1.05,1.2348,1.0
541,157.0,71.3,1.05,1.2348,1.0
542,700.0,71.3,1.05,1.2348,1.0
549,144.0,71.2,1.05,1.2348,1.0
550,86.0,71.3,1.05,1.2348,1.0
551,449.94,71.2,1.05,1.2348,1.0
552,108.0,71.2,1.05,1.2348,1.0
553,328.0,71.3,1.05,1.2348,1.0
554,27.5,71.0,1.05,1.2348,1.0
555,232.0,71.3,1.05,1.2348,1.0
556,144.0,71.0,1.05,1.2348,1.0
557,128.0,71.0,1.05,1.2348,1.0
558,340.0,71.3,1.05,1.2348,1.0
559,152.0,71.3,1.05,1.2348,1.0
560,6.3,71.3,1.05,1.2348,1.0
561,7.2,71.3,1.05,1.2348,1.0
562,13.1,71.3,1.05,1.2348,1.0
563,52.0,71.3,1.05,1.2348,1.0
564,100.0,71.3,1.05,1.2348,1.0
565,152.0,71.3,1.05,1.2348,1.0
566,462.0,71.3,1.05,1.2348,1.0
567,146.0,71.2,1.05,1.2348,1.0
568,146.0,70.9,1.05,1.2348,1.0
574,404.0,71.3,1.05,1.2348,1.0
575,133.0,71.3,1.05,1.2348,1.0
576,348.0,71.3,1.05,1.2348,1.0
577,13.1,71.3,1.05,1.2348,1.0
578,27.0,71.3,1.05,1.2348,1.0
579,13.1,71.3,1.05,1.2348,1.0
580,27.0,71.3,1.05,1.2348,1.0
581,164.0,71.4,1.05,1.2348,1.0
582,226.0,71.3,1.05,1.2348,1.0
583,166.0,71.3,1.05,1.2348,1.0
584,38.5,71.3,1.05,1.2348,1.0
585,206.0,71.3,1.05,1.2348,1.0
586,290.0,71.3,1.05,1.2348,1.0
587,240.0,71.3,1.05,1.2348,1.0
588,155.0,71.3,1.05,1.2348,1.0
589,284.0,71.3,1.05,1.2348,1.0
590,184.0,71.3,1.05,1.2348,1.0
591,200.0,71.3,1.05,1.2348,1.0
592,112.0,71.3,1.05,1.2348,1.0
594,63.0,71.3,1.05,1.2348,1.0
595,90.0,71.3,1.05,1.2348,1.0
605,160.0,71.0,1.05,1.2348,1.0
606,402.0,71.2,1.05,1.2348,1.0
608,56.0,71.3,1.05,1.2348,1.0
611,250.0,48.9,1.05,1.2348,1.0
613,133.0,71.3,1.05,1.2348,1.0
614,133.0,71.2,1.05,1.2348,1.0
617,86.0,71.0,1.05,1.2348,1.0
618,107.0,71.2,1.05,1.2348,1.0
619,151.0,71.3,1.05,1.2348,1.0
620,590.0,71.3,1.05,1.2348,1.0
621,770.0,71.3,1.05,1.2348,1.0
622,113.0,71.2,1.05,1.2348,1.0
623,364.0,71.3,1.05,1.2348,1.0
634,480.0,71.3,1.05,1.2348,1.0
635,280.0,71.3,1.05,1.2348,1.0
636,139.0,71.3,1.05,1.2348,1.0
637,258.0,71.3,1.05,1.2348,1.0
638,43.5,71.3,1.05,1.2348,1.0
639,258.0,71.3,1.05,1.2348,1.0
641,123.0,73.2,1.05,1.2348,1.0
642,106.0,73.2,1.05,1.2348,1.0
644,238.0,71.3,1.05,1.1025,1.0
645,404.0,71.3,1.05,1.2348,1.0
651,342.0,71.1,1.05,1.2348,1.0
652,91.0,71.3,1.05,1.2348,1.0
653,298.0,71.3,1.05,1.2348,1.0
654,232.0,71.3,1.05,1.2348,1.0
655,220.0,71.3,1.05,1.2348,1.0
656,252.0,71.2,1.05,1.2348,1.0
657,102.0,70.9,1.05,1.2348,1.0
658,123.0,71.3,1.05,1.2348,1.0
659,147.0,70.9,1.05,1.2348,1.0
660,21.0,70.9,1.05,1.2348,1.0
661,488.0,71.2,1.05,1.2348,1.0
662,444.0,71.2,1.05,1.2348,1.0
663,424.0,71.2,1.05,1.2348,1.0
664,96.0,71.2,1.05,1.2348,1.0
665,78.0,71.2,1.05,1.2348,1.0
666,76.0,71.2,1.05,1.2348,1.0
667,179.0,71.3,1.05,1.2348,1.0
668,127.0,71.3,1.05,1.2348,1.0
669,88.0,71.2,1.05,1.2348,1.0
670,174.0,71.3,1.05,1.2348,1.0
671,128.0,71.2,1.05,1.2348,1.0
672,80.0,71.2,1.05,1.2348,1.0
674,194.0,73.0,1.05,1.2348,1.0
701,15.9,46.7,1.05,1.2348,1.0
702,46.0,46.7,1.05,1.2348,1.0
703,308.0,46.7,1.05,1.2348,1.0
704,420.0,46.7,1.05,1.2348,1.0
705,690.0,46.7,1.05,1.2348,1.0
706,13.7,46.7,1.05,1.2348,1.0
707,43.5,46.7,1.05,1.2348,1.0
709,103.0,46.7,1.05,1.2348,1.0
710,61.0,46.7,1.05,1.2348,1.0
715,153.0,79.8,1.05,1.2348,1.0
716,9.6,46.7,1.05,1.2348,1.0
717,112.0,73.0,1.05,1.2348,1.0
718,120.0,73.0,1.05,1.2348,1.0
719,210.0,73.0,1.05,1.2348,1.0
720,278.0,73.0,1.05,1.2348,1.0
723,218.0,46.7,1.05,1.2348,1.0
724,218.0,46.7,1.05,1.2348,1.0
727,324.0,73.0,1.05,1.2348,1.0
728,456.0,46.7,1.05,1.2348,1.0
729,388.0,46.7,1.05,1.2348,1.0
730,155.0,46.7,1.05,1.2348,1.0
731,276.0,48.9,1.05,1.2348,1.0
732,132.0,46.7,1.05,1.2348,1.0
733,38.5,79.8,1.05,1.2348,1.0
734,131.0,79.8,1.05,1.2348,1.0
736,112.0,46.7,1.05,1.2348,1.0
737,214.0,73.0,1.05,1.2348,1.0
738,328.0,46.7,1.05,1.2348,1.0
739,186.0,46.7,1.09,1.2348,1.0
740,308.0,73.0,1.05,1.2348,1.0
741,348.0,46.7,1.05,1.2348,1.0
743,406.0,73.0,1.05,1.2348,1.0
745,276.1,48.9,1.05,1.2348,1.0
746,135.0,43.8,1.05,1.2348,1.0
749,155.0,73.0,1.05,1.2348,1.0
750,177.0,46.7,1.05,1.2348,1.0
751,55.0,78.6,1.05,1.2348,1.0
753,57.0,78.6,1.05,1.2348,1.0
757,188.0,78.6,1.05,1.2348,1.0
758,190.0,78.6,1.05,1.2348,1.0
759,202.0,78.6,1.05,1.2348,1.0
760,202.0,78.6,1.05,1.2348,1.0
761,70.0,78.6,1.05,1.2348,1.0
763,138.0,78.6,1.05,1.2348,1.0
764,183.0,78.6,1.05,1.2348,1.0
767,73.0,78.6,1.05,1.2348,1.0
768,380.0,55.4,1.05,1.2348,1.0
769,450.0,52.2,1.05,1.2348,1.0
770,930.55,55.4,1.05,1.2348,1.0
773,298.0,55.4,1.05,1.2348,1.0
780,61.0,78.6,1.05,1.2348,1.0
781,51.0,79.8,1.05,1.2348,1.0
782,49.5,79.8,1.05,1.2348,1.0
783,34.5,79.8,1.05,1.2348,1.0
784,206.0,79.8,1.05,1.2348,1.0
785,145.0,79.8,1.05,1.2348,1.0
786,44.5,79.8,1.05,1.2348,1.0
787,132.0,79.8,1.05,1.2348,1.0
788,45.0,79.8,1.05,1.2348,1.0
789,42.0,79.8,1.05,1.2348,1.0
790,112.0,79.8,1.05,1.2348,1.0
791,52.0,79.8,1.05,1.2348,1.0
792,77.0,79.8,1.05,1.2348,1.0
793,57.0,79.8,1.05,1.2348,1.0
794,32.0,79.8,1.05,1.2348,1.0
795,25.0,79.8,1.05,1.2348,1.0
796,29.5,79.8,1.05,1.2348,1.0
797,32.5,79.8,1.05,1.2348,1.0
798,59.0,79.8,1.05,1.2348,1.0
799,37.0,79.8,1.05,1.2348,1.0
800,25.0,79.8,1.05,1.2348,1.0
801,33.0,79.8,1.05,1.2348,1.0
802,24.5,79.8,1.05,1.2348,1.0
803,38.0,79.8,1.05,1.2348,1.0
804,31.5,79.8,1.05,1.2348,1.0
805,29.5,79.8,1.05,1.2348,1.0
806,37.5,79.8,1.05,1.2348,1.0
807,30.0,79.8,1.05,1.2348,1.0
808,34.0,79.8,1.05,1.2348,1.0
809,32.0,79.8,1.05,1.2348,1.0
810,32.0,79.8,1.05,1.2348,1.0
811,35.5,79.8,1.05,1.2348,1.0
812,31.5,79.8,1.05,1.2348,1.0
813,158.0,79.8,1.05,1.2348,1.0
814,35.5,79.8,1.05,1.2348,1.0
815,700.0,79.8,1.05,1.2348,1.0
816,127.0,79.8,1.05,1.2348,1.0
817,112.0,79.8,1.05,1.2348,1.0
818,700.0,79.8,1.05,1.2348,1.0
819,177.0,79.8,1.05,1.2348,1.0
820,128.0,79.8,1.05,1.2348,1.0
821,189.0,79.8,1.05,1.2348,1.0
822,186.0,79.8,1.05,1.2348,1.0
823,200.0,79.8,1.05,1.2348,1.0
824,111.0,79.8,1.05,1.2348,1.0
825,127.0,79.8,1.05,1.2348,1.0
826,348.0,79.8,1.05,1.2348,1.0
827,454.0,79.8,1.05,1.2348,1.0
828,154.0,79.8,1.05,1.2348,1.0
829,970.0,79.8,1.05,1.2348,1.0
830,426.0,79.8,1.05,1.2348,1.0
831,156.0,79.8,1.05,1.2348,1.0
832,422.0,79.8,1.05,1.2348,1.0
833,198.0,79.8,1.05,1.2348,1.0
834,195.0,79.8,1.05,1.2348,1.0
835,174.0,79.8,1.05,1.2348,1.0
836,34.5,79.8,1.05,1.2348,1.0
837,34.0,79.8,1.05,1.2348,1.0
838,37.5,79.8,1.05,1.2348,1.0
839,44.5,79.8,1.05,1.2348,1.0
840,130.0,79.8,1.05,1.2348,1.0
841,110.0,79.8,1.05,1.2348,1.0
842,107.0,79.8,1.05,1.2348,1.0
843,39.5,79.8,1.05,1.2348,1.0
844,31.5,79.8,1.05,1.2348,1.0
845,610.0,79.8,1.05,1.2348,1.0
846,82.0,79.8,1.05,1.2348,1.0
847,31.0,79.8,1.05,1.2348,1.0
848,161.0,79.8,1.05,1.2348,1.0
849,108.0,79.8,1.05,1.2348,1.0
850,106.0,79.8,1.05,1.2348,1.0
851,364.0,79.8,1.05,1.2348,1.0
852,214.0,79.8,1.05,1.2348,1.0
853,246.0,80.0,1.05,1.2348,1.0
854,82.0,80.0,1.05,1.2348,1.0
855,82.0,80.0,1.05,1.2348,1.0
856,82.0,80.0,1.05,1.2348,1.0
857,318.0,80.0,1.05,1.2348,1.0
858,106.0,80.0,1.05,1.2348,1.0
859,106.0,80.0,1.05,1.2348,1.0
860,106.0,80.0,1.05,1.2348,1.0
861,2260.0,80.0,1.05,1.2348,1.0
862,750.0,80.0,1.05,1.2348,1.0
863,750.0,80.0,1.05,1.2348,1.0
864,750.0,80.0,1.05,1.2348,1.0
865,172.0,79.8,1.05,1.2348,1.0
866,104.0,79.8,1.05,1.2348,1.0
867,107.0,79.8,1.05,1.2348,1.0
868,107.0,79.8,1.05,1.2348,1.0
869,34.0,79.8,1.05,1.2348,1.0
870,82.0,79.8,1.05,1.2348,1.0
871,120.0,79.8,1.05,1.2348,1.0
872,40.5,79.8,1.05,1.2348,1.0
873,36.0,79.8,1.05,1.2348,1.0
874,88.0,79.8,1.05,1.2348,1.0
875,37.5,79.8,1.05,1.2348,1.0
876,35.5,79.8,1.05,1.2348,1.0
877,30.5,79.8,1.05,1.2348,1.0
878,510.0,79.8,1.05,1.2348,1.0
879,86.0,79.8,1.05,1.2348,1.0
880,107.0,79.8,1.05,1.2348,1.0
881,144.0,79.8,1.05,1.2348,1.0
882,52.0,80.0,1.05,1.2348,1.0
883,26.0,80.0,1.05,1.2348,1.0
884,730.0,80.0,1.05,1.2348,1.0
885,364.0,80.0,1.05,1.2348,1.0
886,308.0,80.0,1.05,1.2348,1.0
887,77.0,79.8,1.05,1.2348,1.0
888,124.0,78.6,1.05,1.2348,1.0
889,34.5,79.8,1.05,1.2348,1.0
890,121.0,79.8,1.05,1.2348,1.0
903,79.0,78.6,1.05,1.2348,1.0
904,368.0,80.0,1.05,1.2348,1.0
905,184.0,80.0,1.05,1.2348,1.0
906,184.0,80.0,1.05,1.2348,1.0
907,123.0,80.0,1.05,1.2348,1.0
908,338.0,79.8,1.05,1.2348,1.0
909,35.5,79.8,1.05,1.2348,1.0
910,143.0,79.8,1.05,1.2348,1.0
911,167.0,79.8,1.05,1.2348,1.0
912,58.0,79.8,1.05,1.2348,1.0
913,58.0,79.8,1.05,1.2348,1.0
914,53.0,79.8,1.05,1.2348,1.0
915,1180.0,79.8,1.05,1.2348,1.0
916,272.0,79.8,1.05,1.2348,1.0
917,290.0,79.8,1.05,1.2348,1.0
918,71.0,79.8,1.05,1.2348,1.0
919,73.0,79.8,1.05,1.2348,1.0
920,66.0,79.8,1.05,1.2348,1.0
921,66.0,79.8,1.05,1.2348,1.0
922,133.0,79.8,1.05,1.2348,1.0
923,137.0,79.8,1.05,1.2348,1.0
924,122.0,79.8,1.05,1.2348,1.0
925,120.0,79.8,1.05,1.2348,1.0
926,158.0,79.8,1.05,1.2348,1.0
927,216.0,79.8,1.05,1.2348,1.0
928,133.0,79.8,1.05,1.2348,1.0
929,216.0,79.8,1.05,1.2348,1.0
930,46.0,79.8,1.05,1.2348,1.0
931,386.0,79.8,1.05,1.2348,1.0
932,258.0,79.8,1.05,1.2348,1.0
933,41.5,79.8,1.05,1.2348,1.0
934,31.5,79.8,1.05,1.2348,1.0
935,112.0,79.8,1.05,1.2348,1.0
936,103.0,79.8,1.05,1.2348,1.0
937,610.0,78.6,1.05,1.2348,1.0
938,77.0,79.8,1.05,1.2348,1.0
939,125.0,79.8,1.05,1.2348,1.0
940,174.0,79.8,1.05,1.2348,1.0
941,132.0,79.8,1.05,1.2348,1.0
942,630.0,78.3,1.05,1.2348,1.0
943,4.65,43.8,1.05,1.2348,1.0
944,810.0,79.8,1.05,1.2348,1.0
945,34.0,79.8,1.05,1.2348,1.0
946,32.5,79.8,1.05,1.2348,1.0
947,35.5,79.8,1.05,1.2348,1.0
948,700.0,79.8,1.05,1.2348,1.0
949,165.0,79.8,1.05,1.2348,1.0
950,262.0,79.8,1.05,1.2348,1.0
952,236.0,78.6,1.05,1.2348,1.0
954,1580.0,80.0,1.05,1.2348,1.0
955,530.0,80.0,1.05,1.2348,1.0
956,530.0,80.0,1.05,1.2348,1.0
957,530.0,80.0,1.05,1.2348,1.0
958,870.0,80.0,1.05,1.2348,1.0
959,438.0,80.0,1.05,1.2348,1.0
960,438.0,80.0,1.05,1.2348,1.0
961,720.0,79.8,1.05,1.2348,1.0
962,680.0,79.8,1.05,1.2348,1.0
963,730.0,79.8,1.05,1.2348,1.0
964,220.0,79.8,1.05,1.2348,1.0
965,216.0,79.8,1.05,1.2348,1.0
966,710.0,79.8,1.05,1.2348,1.0
967,216.0,79.8,1.05,1.2348,1.0
968,530.0,79.8,1.05,1.2348,1.0
969,185.0,79.8,1.05,1.2348,1.0
970,234.0,79.8,1.05,1.2348,1.0
971,200.0,79.8,1.05,1.2348,1.0
972,278.0,79.8,1.05,1.2348,1.0
973,530.0,79.8,1.05,1.2348,1.0
974,324.0,79.8,1.05,1.2348,1.0
975,316.0,79.8,1.05,1.2348,1.0
976,464.0,79.8,1.05,1.2348,1.0
977,242.0,79.8,1.05,1.2348,1.0
978,394.0,79.8,1.05,1.2348,1.0
979,710.0,79.8,1.05,1.2348,1.0
980,240.0,79.8,1.05,1.2348,1.0
981,1500.0,80.0,1.05,1.2348,1.0
982,500.0,80.0,1.05,1.2348,1.0
983,500.0,80.0,1.05,1.2348,1.0
984,500.0,80.0,1.05,1.2348,1.0
985,470.0,80.0,1.05,1.2348,1.0
986,236.0,80.0,1.05,1.2348,1.0
987,236.0,80.0,1.05,1.2348,1.0
991,106.0,79.8,1.05,1.2348,1.0
992,111.0,79.8,1.05,1.2348,1.0
993,107.0,79.8,1.05,1.2348,1.0
995,89.0,79.8,1.05,1.2348,1.0
996,42.0,79.8,1.05,1.2348,1.0
997,39.5,79.8,1.05,1.2348,1.0
998,95.0,79.8,1.05,1.2348,1.0
1020,372.0,48.9,1.05,1.2348,1.0
1021,360.0,48.9,1.05,1.2348,1.0
1024,284.0,48.9,1.05,1.2348,1.0
1025,276.0,48.9,1.05,1.2348,1.0
1027,250.0,48.9,1.05,1.2348,1.0
1028,254.0,48.9,1.05,1.2348,1.0
1029,312.0,48.9,1.05,1.2348,1.0
1032,410.0,48.9,1.05,1.2348,1.0
1033,500.0,48.9,1.05,1.2348,1.0
1034,348.0,48.9,1.05,1.2348,1.0
1042,218.0,54.2,1.05,1.2348,1.0
1046,54.0,0.0,1.05,1.1025,1.0
1047,133.0,72.9,1.05,1.2348,1.0
1049,149.0,79.8,1.05,1.2348,1.0
1052,276.0,54.2,1.05,1.2348,1.0
1053,54.0,54.2,1.05,1.2348,1.0
1054,12.4,54.2,1.05,1.2348,1.0
1055,18.8,54.2,1.05,1.2348,1.0
1056,13.3,52.7,1.05,1.2348,1.0
1071,2.15,54.2,1.05,1.2348,1.0
1072,3.0,54.2,1.05,1.2348,1.0
1098,138.0,78.6,1.05,1.2348,1.0
1100,183.0,78.6,1.05,1.2348,1.0
1101,880.0,71.3,1.05,1.2348,1.0
1131,266.0,71.0,1.05,1.2348,1.0
1132,280.0,70.9,1.05,1.2348,1.0
1146,112.0,71.3,1.05,1.2348,1.0
1147,72.0,71.3,1.05,1.2348,1.0
1149,104.0,46.7,1.05,1.2348,1.0
1156,11.9,52.7,1.05,1.2348,1.0
1171,380.0,71.4,1.05,1.2348,1.0
1172,432.0,71.4,1.05,1.2348,1.0
1173,560.0,71.4,1.05,1.2348,1.0
1180,486.0,55.4,1.05,1.2348,1.0
1181,393.69,55.4,1.05,1.2348,1.0
1182,680.0,55.4,1.05,1.2348,1.0
1183,472.0,55.4,1.05,1.2348,1.0
1184,350.0,55.4,1.05,1.2348,1.0
1194,135.0,78.6,1.05,1.2348,1.0
1221,64.0,71.3,1.05,1.2348,1.0
1222,540.0,71.2,1.05,1.2348,1.0
1223,71.0,71.3,1.05,1.2348,1.0
1224,540.0,71.2,1.05,1.2348,1.0
1228,92.0,71.3,1.05,1.2348,1.0
1242,151.0,55.4,1.05,1.2348,1.0
1243,175.0,55.4,1.05,1.2348,1.0
1246,59.0,78.6,1.05,1.2348,1.0
1249,89.0,78.6,1.05,1.2348,1.0
1252,61.0,78.6,1.05,1.2348,1.0
1254,93.0,78.6,1.05,1.2348,1.0
1255,75.0,78.6,1.05,1.2348,1.0
1256,226.0,78.6,1.05,1.2348,1.0
1257,110.0,78.6,1.05,1.2348,1.0
1258,244.0,78.6,1.05,1.2348,1.0
1259,83.0,71.3,1.05,1.2348,1.0
1260,82.0,71.0,1.05,1.2348,1.0
1261,94.0,71.3,1.05,1.2348,1.0
1262,386.0,71.0,1.05,1.2348,1.0
1263,444.0,71.3,1.05,1.2348,1.0
1266,114.0,78.6,1.05,1.2348,1.0
1267,302.0,78.6,1.05,1.2348,1.0
1268,141.0,78.6,1.05,1.2348,1.0
1269,318.0,79.8,1.05,1.2348,1.0
1270,145.0,78.6,1.05,1.2348,1.0
1271,336.0,78.6,1.05,1.2348,1.0
1272,176.0,78.6,1.05,1.2348,1.0
1273,410.0,79.8,1.05,1.2348,1.0
1274,70.0,78.6,1.05,1.2348,1.0
1275,112.0,78.6,1.05,1.2348,1.0
1276,71.0,78.6,1.05,1.2348,1.0
1277,86.0,78.6,1.05,1.2348,1.0
1278,59.0,79.8,1.05,1.2348,1.0
1279,71.0,78.6,1.05,1.2348,1.0
1280,72.0,78.6,1.05,1.2348,1.0
1281,68.0,78.6,1.05,1.2348,1.0
1282,68.0,78.6,1.05,1.2348,1.0
1283,68.0,78.6,1.05,1.2348,1.0
1284,120.0,78.6,1.05,1.2348,1.0
1285,62.0,78.6,1.05,1.2348,1.0
1286,180.0,78.6,1.05,1.2348,1.0
1287,68.0,78.6,1.05,1.2348,1.0
1288,63.0,78.6,1.05,1.2348,1.0
1289,162.0,78.6,1.05,1.2348,1.0
1290,69.0,78.6,1.05,1.2348,1.0
1291,210.0,79.8,1.05,1.2348,1.0
1292,208.0,78.6,1.05,1.2348,1.0
1318,85.0,71.3,1.05,1.2348,1.0
1319,85.0,71.3,1.05,1.2348,1.0
1323,71.0,71.3,1.05,1.2348,1.0
1326,122.0,71.3,1.05,1.2348,1.0
1339,75.0,78.6,1.05,1.2348,1.0
1340,75.0,78.6,1.05,1.2348,1.0
1341,236.0,78.6,1.05,1.2348,1.0
1342,238.0,78.6,1.05,1.2348,1.0
1343,80.0,78.6,1.05,1.2348,1.0
1344,82.0,78.6,1.05,1.2348,1.0
1345,256.0,78.6,1.05,1.2348,1.0
1346,258.0,78.6,1.05,1.2348,1.0
1347,84.0,78.6,1.05,1.2348,1.0
1407,242.0,73.0,1.05,1.2348,1.0
1408,142.0,73.0,1.05,1.2348,1.0
1409,142.0,73.0,1.05,1.2348,1.0
1410,308.0,73.0,1.05,1.2348,1.0
1411,306.0,73.0,1.05,1.2348,1.0
1427,118.0,73.0,1.05,1.2348,1.0
1428,192.0,71.0,1.05,1.2348,1.0
1429,192.0,71.0,1.05,1.2348,1.0
1430,150.0,71.0,1.05,1.2348,1.0
1431,76.0,71.7,1.05,1.2348,1.0
1432,75.0,71.7,1.05,1.2348,1.0
1433,350.0,71.3,1.05,1.2348,1.0
1434,384.0,73.2,1.05,1.2348,1.0
1435,44.5,73.2,1.05,1.2348,1.0
1436,162.0,73.2,1.05,1.2348,1.0
1437,2.6,73.2,1.05,1.2348,1.0
1438,442.0,73.2,1.05,1.2348,1.0
1449,105.0,73.0,1.05,1.2348,1.0
1450,72.3,71.3,1.05,1.2348,1.0
1565,87.0,78.6,1.05,1.2348,1.0
1566,248.0,78.6,1.05,1.2348,1.0
1567,258.0,78.6,1.05,1.2348,1.0
1568,94.0,78.6,1.05,1.2348,1.0
1569,96.0,78.6,1.05,1.2348,1.0
1570,34.5,71.3,1.05,1.2348,1.0
1575,67.0,78.6,1.05,1.2348,1.0
1576,288.0,78.6,1.05,1.2348,1.0
1577,70.0,78.6,1.05,1.2348,1.0
1578,185.0,78.6,1.05,1.2348,1.0
1579,262.0,78.6,1.05,1.2348,1.0
1580,264.0,78.6,1.05,1.2348,1.0
1581,1180.0,79.8,1.05,1.2348,1.0
1582,88.0,79.8,1.05,1.2348,1.0
1583,222.0,79.8,1.05,1.2348,1.0
1584,97.0,78.6,1.05,1.2348,1.0
1585,230.0,78.6,1.05,1.2348,1.0
1586,236.0,78.6,1.05,1.2348,1.0
1587,82.0,79.8,1.05,1.2348,1.0
1588,80.0,79.8,1.05,1.2348,1.0
1589,248.0,79.8,1.05,1.2348,1.0
1590,250.0,79.8,1.05,1.2348,1.0
1591,95.0,79.8,1.05,1.2348,1.0
1592,95.0,79.8,1.05,1.2348,1.0
1593,288.0,79.8,1.05,1.2348,1.0
1594,290.0,79.8,1.05,1.2348,1.0
1595,116.0,78.6,1.05,1.2348,1.0
1596,306.0,78.6,1.05,1.2348,1.0
1597,121.0,78.6,1.05,1.2348,1.0
1598,320.0,78.6,1.05,1.2348,1.0
1599,123.0,78.6,1.05,1.2348,1.0
1601,272.0,57.9,1.05,1.2348,1.0
1602,620.0,57.9,1.05,1.2348,1.0
1603,580.0,57.9,1.05,1.2348,1.0
1604,580.0,57.9,1.05,1.2348,1.0
1605,362.0,57.9,1.05,1.2348,1.0
1606,362.0,57.9,1.05,1.2348,1.0
1611,3.8,43.7,1.05,1.2348,1.0
1612,6.7,54.2,1.05,1.2348,1.0
1615,8.6,57.9,1.05,1.2348,1.0
1616,91.0,57.9,1.05,1.2348,1.0
1617,158.0,57.9,1.05,1.2348,1.0
1618,72.0,57.9,1.05,1.2348,1.0
1619,22.5,57.9,1.05,1.2348,1.0
1620,4.95,57.9,1.05,1.2348,1.0
1621,1.9,57.9,1.05,1.2348,1.0
1622,248.0,57.9,1.05,1.2348,1.0
1624,0.28,57.9,1.05,1.2348,1.0
1625,67.0,57.9,1.05,1.2348,1.0
1626,189.0,57.9,1.05,1.2348,1.0
1627,46.0,57.9,1.05,1.2348,1.0
1628,262.0,57.9,1.05,1.2348,1.0
1629,75.0,57.9,1.05,1.2348,1.0
1630,246.0,57.9,1.05,1.2348,1.0
1638,890.0,57.9,1.05,1.2348,1.0
1640,890.0,57.9,1.05,1.2348,1.0
1641,75.0,57.9,1.05,1.2348,1.0
1642,282.0,57.9,1.05,1.2348,1.0
1647,58.0,57.9,1.05,1.2348,1.0
1648,21.5,57.9,1.05,1.2348,1.0
1649,18.1,57.9,1.05,1.2348,1.0
1650,24.0,57.9,1.05,1.2348,1.0
1651,21.0,57.9,1.05,1.2348,1.0
1654,348.0,57.9,1.05,1.2348,1.0
1655,16.8,57.9,1.05,1.2348,1.0
1656,21.5,57.9,1.05,1.2348,1.0
1657,15.4,57.9,1.05,1.2348,1.0
1658,15.4,57.9,1.05,1.2348,1.0
1659,119.0,55.4,1.05,1.2348,1.0
1660,458.0,55.4,1.05,1.2348,1.0
1661,344.0,55.4,1.05,1.2348,1.0
1662,670.0,55.4,1.05,1.2348,1.0
1663,446.0,55.4,1.05,1.2348,1.0
1673,312.0,55.4,1.05,1.2348,1.0
1685,238.0,40.0,1.05,1.2348,1.0
1686,168.0,40.0,1.05,1.2348,1.0
1689,2.65,42.5,1.05,1.2348,1.0
1690,1.0,42.8,1.05,1.2348,1.0
1691,7.9,54.2,1.05,1.2348,1.0
1702,139.0,55.4,1.05,1.2348,1.0
1705,125.0,78.6,1.05,1.2348,1.0
1707,326.0,78.6,1.05,1.2348,1.0
1708,328.0,78.6,1.05,1.2348,1.0
1709,128.0,78.6,1.05,1.2348,1.0
1710,130.0,78.6,1.05,1.2348,1.0
1711,342.0,78.6,1.05,1.2348,1.0
1712,344.0,78.6,1.05,1.2348,1.0
1713,147.0,78.6,1.05,1.2348,1.0
1714,340.0,78.6,1.05,1.2348,1.0
1715,176.0,78.6,1.05,1.2348,1.0
1716,400.0,78.6,1.05,1.2348,1.0
1717,154.0,78.6,1.05,1.2348,1.0
1718,156.0,78.6,1.05,1.2348,1.0
1719,360.0,78.6,1.05,1.2348,1.0
1720,362.0,78.6,1.05,1.2348,1.0
1721,183.0,78.6,1.05,1.2348,1.0
1722,185.0,78.6,1.05,1.2348,1.0
1723,420.0,78.6,1.05,1.2348,1.0
1724,422.0,78.6,1.05,1.2348,1.0
1725,145.0,78.6,1.05,1.2348,1.0
1726,147.0,78.6,1.05,1.2348,1.0
1727,336.0,78.6,1.05,1.2348,1.0
1728,340.0,78.6,1.05,1.2348,1.0
1729,174.0,78.6,1.05,1.2348,1.0
1730,176.0,78.6,1.05,1.2348,1.0
1731,398.0,78.6,1.05,1.2348,1.0
1732,400.0,78.6,1.05,1.2348,1.0
1740,112.0,78.6,1.05,1.2348,1.0
1745,242.0,78.6,1.05,1.2348,1.0
1798,104.0,55.4,1.05,1.2348,1.0
1799,119.0,55.4,1.05,1.2348,1.0
1818,168.0,80.0,1.05,1.2348,1.0
1819,84.0,80.0,1.05,1.2348,1.0
1820,84.0,80.0,1.05,1.2348,1.0
1821,84.0,80.0,1.05,1.2348,1.0
1837,77.0,78.6,1.05,1.2348,1.0
1838,228.0,78.6,1.05,1.2348,1.0
1839,90.0,79.8,1.05,1.2348,1.0
1858,264.0,78.3,1.05,1.2348,1.0
1859,448.0,78.3,1.05,1.2348,1.0
1860,450.0,78.3,1.05,1.2348,1.0
1861,312.0,78.3,1.05,1.2348,1.0
1870,31.5,79.8,1.05,1.2348,1.0
1871,42.0,79.8,1.05,1.2348,1.0
1872,179.0,79.8,1.05,1.2348,1.0
1873,132.0,79.8,1.05,1.2348,1.0
1874,140.0,79.8,1.05,1.2348,1.0
1875,53.0,79.8,1.05,1.2348,1.0
1876,394.0,79.8,1.05,1.2348,1.0
1883,400.0,79.8,1.05,1.2348,1.0
1890,59.0,79.8,1.05,1.2348,1.0
1891,62.0,79.8,1.05,1.2348,1.0
1892,71.0,79.8,1.05,1.2348,1.0
1893,61.0,79.8,1.05,1.2348,1.0
1894,69.0,79.8,1.05,1.2348,1.0
1895,112.0,79.8,1.05,1.2348,1.0
1896,114.0,79.8,1.05,1.2348,1.0
1897,159.0,79.8,1.05,1.2348,1.0
1898,168.0,79.8,1.05,1.2348,1.0
1899,185.0,79.8,1.05,1.2348,1.0
1900,155.0,79.8,1.05,1.2348,1.0
1901,183.0,79.8,1.05,1.2348,1.0
1902,208.0,79.8,1.05,1.2348,1.0
1903,212.0,79.8,1.05,1.2348,1.0
1904,158.0,79.8,1.05,1.2348,1.0
1905,195.0,79.8,1.05,1.2348,1.0
1906,226.0,79.8,1.05,1.2348,1.0
1907,182.0,79.8,1.05,1.2348,1.0
1908,226.0,79.8,1.05,1.2348,1.0
1909,230.0,79.8,1.05,1.2348,1.0
1914,61.0,79.8,1.05,1.2348,1.0
1915,310.0,79.8,1.05,1.2348,1.0
1916,67.0,79.8,1.05,1.2348,1.0
1917,294.0,79.8,1.05,1.2348,1.0
1918,75.0,79.8,1.05,1.2348,1.0
1919,166.0,79.8,1.05,1.2348,1.0
1924,137.0,78.6,1.05,1.2348,1.0
1925,140.0,78.6,1.05,1.2348,1.0
1926,139.0,78.6,1.05,1.2348,1.0
1927,406.0,78.3,1.05,1.2348,1.0
1931,1020.0,78.3,1.05,1.2348,1.0
1941,190.0,54.2,1.05,1.2348,1.0
1942,197.0,54.2,1.05,1.2348,1.0
1946,188.0,46.7,1.05,1.2348,1.0
1947,86.0,72.9,1.05,1.2348,1.0
1970,44.5,79.8,1.05,1.2348,1.0
1971,402.0,79.8,1.05,1.2348,1.0
1972,406.0,79.8,1.05,1.2348,1.0
1973,38.0,79.8,1.05,1.2348,1.0
1974,42.5,79.8,1.05,1.2348,1.0
1975,186.0,79.8,1.05,1.2348,1.0
1976,179.0,79.8,1.05,1.2348,1.0
1977,36.0,79.8,1.05,1.2348,1.0
1978,36.0,79.8,1.05,1.2348,1.0
1979,34.5,79.8,1.05,1.2348,1.0
1980,43.0,79.8,1.05,1.2348,1.0
1981,40.0,79.8,1.05,1.2348,1.0
1982,161.0,79.8,1.05,1.2348,1.0
1983,154.0,79.8,1.05,1.2348,1.0
1984,127.0,79.8,1.05,1.2348,1.0
1985,155.0,79.8,1.05,1.2348,1.0
1986,123.0,79.8,1.05,1.2348,1.0
1987,176.0,79.8,1.05,1.2348,1.0
1988,170.0,79.8,1.05,1.2348,1.0
1989,150.0,79.8,1.05,1.2348,1.0
1990,167.0,79.8,1.05,1.2348,1.0
1991,154.0,79.8,1.05,1.2348,1.0
2047,27.5,71.0,1.05,1.2348,1.0
2048,68.0,70.9,1.05,1.2348,1.0
2049,452.0,71.0,1.05,1.2348,1.0
2050,1220.0,70.9,1.05,1.2348,1.0
2086,53.0,79.8,1.05,1.2348,1.0
2087,256.0,79.8,1.05,1.2348,1.0
2273,62.0,79.8,1.05,1.2348,1.0
2274,181.0,79.8,1.05,1.2348,1.0
2275,250.0,79.8,1.05,1.2348,1.0
2311,282.0,78.3,1.05,1.2348,1.0
2424,154.0,79.8,1.05,1.2348,1.0
2425,77.0,79.8,1.05,1.2348,1.0
2426,144.0,79.8,1.05,1.2348,1.0
2427,75.0,79.8,1.05,1.2348,1.0
2428,132.0,79.8,1.05,1.2348,1.0
2436,79.0,79.8,1.05,1.2348,1.0
2437,272.0,79.8,1.05,1.2348,1.0
2438,66.0,79.8,1.05,1.2348,1.0
2439,226.0,79.8,1.05,1.2348,1.0
2440,55.0,79.8,1.05,1.2348,1.0
2441,198.0,79.8,1.05,1.2348,1.0
2442,136.0,79.8,1.05,1.2348,1.0
2443,138.0,79.8,1.05,1.2348,1.0
2444,242.0,79.8,1.05,1.2348,1.0
2445,242.0,79.8,1.05,1.2348,1.0
2446,142.0,79.8,1.05,1.2348,1.0
2447,145.0,79.8,1.05,1.2348,1.0
2448,246.0,79.8,1.05,1.2348,1.0
2449,248.0,79.8,1.05,1.2348,1.0
2456,55.0,70.9,1.05,1.2348,1.0
2457,85.0,71.3,1.05,1.2348,1.0
2458,74.0,70.9,1.05,1.2348,1.0
2459,75.0,71.3,1.05,1.2348,1.0
2460,53.0,71.3,1.05,1.2348,1.0
2461,66.0,70.9,1.05,1.2348,1.0
2462,48.5,71.3,1.05,1.2348,1.0
2463,177.0,46.7,1.05,1.2348,1.0
2464,151.0,46.7,1.05,1.2348,1.0
2465,33.0,79.8,1.05,1.2348,1.0
2466,31.5,79.8,1.05,1.2348,1.0
2468,380.0,55.4,1.05,1.2348,1.0
2469,400.0,55.4,1.05,1.2348,1.0
2470,446.0,55.4,1.05,1.2348,1.0
2471,486.0,55.4,1.05,1.2348,1.0
2472,340.0,55.4,1.05,1.2348,1.0
2473,158.0,55.4,1.05,1.2348,1.0
2474,182.0,55.4,1.05,1.2348,1.0
2475,125.0,55.4,1.05,1.2348,1.0
2477,384.0,55.4,1.05,1.2348,1.0
2478,436.0,55.4,1.05,1.2348,1.0
2479,470.0,55.4,1.05,1.2348,1.0
2480,282.0,55.4,1.05,1.2348,1.0
2485,141.0,72.9,1.05,1.2348,1.0
2498,75.0,71.3,1.05,1.2348,1.0
2506,197.0,79.8,1.05,1.2348,1.0
2507,298.0,79.8,1.05,1.2348,1.0
2508,127.0,79.8,1.05,1.2348,1.0
2509,118.0,79.8,1.05,1.2348,1.0
2510,232.0,79.8,1.05,1.2348,1.0
2511,127.0,79.8,1.05,1.2348,1.0
2512,127.0,79.8,1.05,1.2348,1.0
2513,118.0,79.8,1.05,1.2348,1.0
2514,118.0,79.8,1.05,1.2348,1.0
2515,172.0,79.8,1.05,1.2348,1.0
2516,210.0,79.8,1.05,1.2348,1.0
2517,118.0,79.8,1.05,1.2348,1.0
2518,470.0,79.8,1.05,1.2348,1.0
2519,118.0,79.8,1.05,1.2348,1.0
2520,78.0,72.9,1.05,1.2348,1.0
2710,54.0,79.8,1.05,1.2348,1.0
2711,600.0,55.4,1.05,1.2348,1.0
2712,169.0,55.4,1.05,1.2348,1.0
2713,280.0,48.9,1.05,1.2348,1.0
2717,158.0,55.4,1.05,1.2348,1.0
2718,166.0,55.4,1.05,1.2348,1.0
2719,189.0,55.4,1.05,1.2348,1.0
2747,120.0,72.9,1.05,1.2348,1.0
2748,376.0,50.7,1.05,1.1025,1.0
2790,34.5,79.8,1.05,1.2348,1.0
2791,58.0,79.8,1.05,1.2348,1.0
2792,59.0,79.8,1.05,1.2348,1.0
2838,242.0,79.8,1.05,1.2348,1.0
2839,48.0,79.8,1.05,1.2348,1.0
2840,147.0,79.8,1.05,1.2348,1.0
2841,117.0,79.8,1.05,1.2348,1.0
2842,232.0,79.8,1.05,1.2348,1.0
2843,212.0,79.8,1.05,1.2348,1.0
2844,37.5,79.8,1.05,1.2348,1.0
2845,166.0,79.8,1.05,1.2348,1.0
2846,202.0,79.8,1.05,1.2348,1.0
2847,43.5,79.8,1.05,1.2348,1.0
2848,47.5,79.8,1.05,1.2348,1.0
2849,228.0,79.8,1.05,1.2348,1.0
2850,35.5,79.8,1.05,1.2348,1.0
2851,210.0,79.8,1.05,1.2348,1.0
2852,142.0,79.8,1.05,1.2348,1.0
2853,167.0,79.8,1.05,1.2348,1.0
2854,47.5,79.8,1.05,1.2348,1.0
2855,44.0,79.8,1.05,1.2348,1.0
2856,164.0,79.8,1.05,1.2348,1.0
2857,143.0,79.8,1.05,1.2348,1.0
2858,183.0,79.8,1.05,1.2348,1.0
2859,210.0,79.8,1.05,1.2348,1.0
2860,510.0,79.8,1.05,1.2348,1.0
2861,540.0,79.8,1.05,1.2348,1.0
2862,35.5,79.8,1.05,1.2348,1.0
2863,133.0,79.8,1.05,1.2348,1.0
2864,103.0,79.8,1.05,1.2348,1.0
2865,46.0,79.8,1.05,1.2348,1.0
2866,135.0,79.8,1.05,1.2348,1.0
2867,202.0,79.8,1.05,1.2348,1.0
2868,210.0,79.8,1.05,1.2348,1.0
2869,31.5,79.8,1.05,1.2348,1.0
2870,187.0,79.8,1.05,1.2348,1.0
2871,138.0,79.8,1.05,1.2348,1.0
2872,49.5,79.8,1.05,1.2348,1.0
2873,188.0,79.8,1.05,1.2348,1.0
2874,202.0,79.8,1.05,1.2348,1.0
2875,161.0,79.8,1.05,1.2348,1.0
2876,31.5,79.8,1.05,1.2348,1.0
2877,198.0,79.8,1.05,1.2348,1.0
2878,272.0,79.8,1.05,1.2348,1.0
2879,160.0,79.8,1.05,1.2348,1.0
2880,83.0,79.8,1.05,1.2348,1.0
2881,48.0,79.8,1.05,1.2348,1.0
2882,260.0,79.8,1.05,1.2348,1.0
2883,177.0,79.8,1.05,1.2348,1.0
2884,256.0,79.8,1.05,1.2348,1.0
2885,151.0,79.8,1.05,1.2348,1.0
2886,308.0,79.8,1.05,1.2348,1.0
2887,206.0,79.8,1.05,1.2348,1.0
2888,246.0,79.8,1.05,1.2348,1.0
2889,37.5,79.8,1.05,1.2348,1.0
2890,338.0,79.8,1.05,1.2348,1.0
2891,238.0,79.8,1.05,1.2348,1.0
2892,50.0,79.8,1.05,1.2348,1.0
2893,161.0,79.8,1.05,1.2348,1.0
2894,446.0,79.8,1.05,1.2348,1.0
2895,208.0,79.8,1.05,1.2348,1.0
2896,57.0,79.8,1.05,1.2348,1.0
2897,206.0,79.8,1.05,1.2348,1.0
2898,234.0,79.8,1.05,1.2348,1.0
2899,142.0,79.8,1.05,1.2348,1.0
2900,32.0,79.8,1.05,1.2348,1.0
2901,34.0,79.8,1.05,1.2348,1.0
2902,42.5,79.8,1.05,1.2348,1.0
2903,44.5,79.8,1.05,1.2348,1.0
2904,56.0,79.8,1.05,1.2348,1.0
2905,47.0,79.8,1.05,1.2348,1.0
2906,47.5,79.8,1.05,1.2348,1.0
2907,63.0,79.8,1.05,1.2348,1.0
2908,38.0,79.8,1.05,1.2348,1.0
2909,40.0,79.8,1.05,1.2348,1.0
2910,44.5,79.8,1.05,1.2348,1.0
2911,47.0,79.8,1.05,1.2348,1.0
2912,45.0,79.8,1.05,1.2348,1.0
2913,47.5,79.8,1.05,1.2348,1.0
2914,56.0,79.8,1.05,1.2348,1.0
2915,48.5,79.8,1.05,1.2348,1.0
2916,34.5,79.8,1.05,1.2348,1.0
2917,53.0,79.8,1.05,1.2348,1.0
2918,45.5,79.8,1.05,1.2348,1.0
2919,52.0,79.8,1.05,1.2348,1.0
2920,43.0,79.8,1.05,1.2348,1.0
2921,54.0,79.8,1.05,1.2348,1.0
2922,58.0,79.8,1.05,1.2348,1.0
2923,57.0,79.8,1.05,1.2348,1.0
2939,344.0,48.9,1.05,1.2348,1.0
2940,191.0,79.8,1.05,1.2348,1.0
2941,35.0,79.8,1.05,1.2348,1.0
2942,137.0,79.8,1.05,1.2348,1.0
2943,117.0,79.8,1.05,1.2348,1.0
2944,362.0,79.8,1.05,1.2348,1.0
2981,87.0,79.8,1.05,1.2348,1.0
2982,87.0,79.8,1.05,1.2348,1.0
2983,149.0,79.8,1.05,1.2348,1.0
2984,35.5,79.8,1.05,1.2348,1.0
2985,35.5,79.8,1.05,1.2348,1.0
2986,58.0,79.8,1.05,1.2348,1.0
2987,102.0,79.8,1.05,1.2348,1.0
2988,102.0,79.8,1.05,1.2348,1.0
2989,165.0,79.8,1.05,1.2348,1.0
2990,31.5,79.8,1.05,1.2348,1.0
2991,52.0,79.8,1.05,1.2348,1.0
2992,76.0,79.8,1.05,1.2348,1.0
2993,116.0,79.8,1.05,1.2348,1.0
2994,34.5,79.8,1.05,1.2348,1.0
2995,55.0,79.8,1.05,1.2348,1.0
2996,181.0,55.4,1.05,1.2348,1.0
2997,98.0,70.9,1.05,1.2348,1.0
2998,90.0,79.8,1.05,1.2348,1.0
2999,90.0,79.8,1.05,1.2348,1.0
3000,4060.0,37.7,1.05,1.2348,1.0
3002,660.0,42.8,1.05,1.2348,1.0
3003,276.0,42.8,1.05,1.2348,1.0
3004,11.1,42.8,1.05,1.2348,1.0
3005,15.9,42.8,1.05,1.2348,1.0
3006,13.5,42.8,1.05,1.2348,1.0
3008,230.0,42.8,1.05,1.2348,1.0
3009,71.0,42.8,1.05,1.2348,1.0
3011,238.0,55.0,1.05,1.2348,1.0
3012,262.0,55.0,1.05,1.2348,1.0
3014,92.0,55.0,1.05,1.2348,1.0
3015,98.0,55.0,1.05,1.2348,1.0
3017,103.0,55.0,1.05,1.2348,1.0
3018,111.0,55.0,1.05,1.2348,1.0
3019,162.0,55.0,1.05,1.2348,1.0
3021,288.0,55.0,1.05,1.2348,1.0
3023,354.0,55.0,1.05,1.2348,1.0
3024,137.0,55.0,1.05,1.2348,1.0
3026,160.0,55.0,1.05,1.2348,1.0
3030,133.0,55.0,1.05,1.2348,1.0
3043,147.0,55.0,1.05,1.2348,1.0
3044,137.0,55.0,1.05,1.2348,1.0
3045,143.0,55.0,1.05,1.2348,1.0
3047,191.0,55.0,1.05,1.2348,1.0
3049,155.0,55.0,1.05,1.2348,1.0
3050,171.0,55.0,1.05,1.2348,1.0
3059,153.0,55.0,1.05,1.2348,1.0
3095,50.8,51.7,1.05,1.2348,1.0
3101,63.0,51.7,1.05,1.2348,1.0
3106,126.0,51.7,1.05,1.2348,1.0
3111,155.0,51.7,1.05,1.2348,1.0
3112,188.0,51.7,1.05,1.2348,1.0
3113,163.0,51.7,1.05,1.2348,1.0
3114,204.0,51.7,1.05,1.2348,1.0
3115,240.0,51.7,1.05,1.2348,1.0
3117,422.0,64.2,1.05,1.2348,1.0
3118,422.0,64.2,1.05,1.2348,1.0
3120,870.0,64.2,1.05,1.2348,1.0
3121,520.0,64.2,1.05,1.2348,1.0
3126,116.0,55.0,1.05,1.2348,1.0
3127,208.0,55.0,1.05,1.2348,1.0
3130,1020.0,64.2,1.05,1.2348,1.0
3131,1100.0,64.2,1.05,1.2348,1.0
3133,1900.0,64.2,1.05,1.2348,1.0
3134,1800.0,64.2,1.05,1.2348,1.0
3142,7.1,64.2,1.05,1.2348,1.0
3143,7.8,64.2,1.05,1.2348,1.0
3144,17.4,64.2,1.05,1.2348,1.0
3145,19.0,64.2,1.05,1.2348,1.0
3146,194.0,51.7,1.05,1.2348,1.0
3147,298.0,51.7,1.05,1.2348,1.0
3148,208.0,51.7,1.05,1.2348,1.0
3149,320.0,51.7,1.05,1.2348,1.0
3150,194.0,51.7,1.05,1.2348,1.0
3151,342.0,51.7,1.05,1.2348,1.0
3152,298.0,51.7,1.05,1.2348,1.0
3153,208.0,51.7,1.05,1.2348,1.0
3154,165.0,55.0,1.05,1.2348,1.0
3155,364.0,51.7,1.05,1.2348,1.0
3156,320.0,51.7,1.05,1.2348,1.0
3157,142.0,51.7,1.05,1.2348,1.0
3158,189.0,51.7,1.05,1.2348,1.0
3159,153.0,51.7,1.05,1.2348,1.0
3160,214.0,51.7,1.05,1.2348,1.0
3161,142.0,51.7,1.05,1.2348,1.0
3162,240.0,51.7,1.05,1.2348,1.0
3164,189.0,51.7,1.05,1.2348,1.0
3165,153.0,51.7,1.05,1.2348,1.0
3166,268.0,51.7,1.05,1.2348,1.0
3167,214.0,51.7,1.05,1.2348,1.0
3168,206.0,51.7,1.05,1.2348,1.0
3169,342.0,51.7,1.05,1.2348,1.0
3170,220.0,51.7,1.05,1.2348,1.0
3171,364.0,51.7,1.05,1.2348,1.0
3172,228.0,51.7,1.05,1.2348,1.0
3173,244.0,51.7,1.05,1.2348,1.0
3174,228.0,51.7,1.05,1.2348,1.0
3175,155.0,51.7,1.05,1.2348,1.0
3176,336.0,64.2,1.05,1.2348,1.0
3177,216.0,51.7,1.05,1.2348,1.0
3178,248.0,51.7,1.05,1.2348,1.0
3179,280.0,51.7,1.05,1.2348,1.0
3180,166.0,51.7,1.05,1.2348,1.0
3181,186.0,51.7,1.05,1.2348,1.0
3182,130.0,51.7,1.05,1.2348,1.0
3183,192.0,51.7,1.05,1.2348,1.0
3184,214.0,51.7,1.05,1.2348,1.0
3185,1100.0,64.2,1.05,1.2348,1.0
3186,214.0,51.7,1.05,1.2348,1.0
3187,1100.0,64.2,1.05,1.2348,1.0
3188,238.0,51.7,1.05,1.2348,1.0
3189,147.0,51.7,1.05,1.2348,1.0
3190,220.0,51.7,1.05,1.2348,1.0
3191,157.0,51.7,1.05,1.2348,1.0
3192,139.0,51.7,1.05,1.2348,1.0
3193,113.0,51.7,1.05,1.2348,1.0
3194,94.0,51.7,1.05,1.2348,1.0
3195,119.0,51.7,1.05,1.2348,1.0
3196,150.0,51.7,1.05,1.2348,1.0
3197,129.0,55.0,1.05,1.2348,1.0
3198,108.0,51.7,1.05,1.2348,1.0
3200,141.0,55.0,1.05,1.2348,1.0
3201,155.0,55.0,1.05,1.2348,1.0
3202,165.0,55.0,1.05,1.2348,1.0
3203,150.0,55.0,1.05,1.2348,1.0
3204,180.0,55.0,1.05,1.2348,1.0
3208,346.0,51.7,1.05,1.2348,1.0
3209,476.0,51.7,1.05,1.2348,1.0
3212,122.0,55.0,1.05,1.2348,1.0
3220,137.0,55.0,1.05,1.2348,1.0
3257,133.0,55.0,1.05,1.2348,1.0
3285,122.0,55.0,1.05,1.2348,1.0
3286,148.0,55.0,1.05,1.2348,1.0
3294,113.0,55.0,1.05,1.2348,1.0
3295,124.0,55.0,1.05,1.2348,1.0
3296,134.0,55.0,1.05,1.2348,1.0
3297,147.0,55.0,1.05,1.2348,1.0
3298,118.0,55.0,1.05,1.2348,1.0
3299,162.0,55.0,1.05,1.2348,1.0
3303,119.0,55.0,1.05,1.2348,1.0
3304,155.0,55.0,1.05,1.2348,1.0
3306,141.0,55.0,1.05,1.2348,1.0
3307,137.0,51.7,1.05,1.2348,1.0
3308,128.0,51.7,1.05,1.2348,1.0
3309,147.0,51.7,1.05,1.2348,1.0
3310,104.0,51.7,1.05,1.2348,1.0
3311,280.0,51.7,1.05,1.2348,1.0
3312,496.0,51.7,1.05,1.2348,1.0
3313,500.0,51.7,1.05,1.2348,1.0
3314,248.0,51.7,1.05,1.2348,1.0
3319,171.0,55.0,1.05,1.2348,1.0
3322,51.0,64.2,1.05,1.2348,1.0
3340,148.0,64.2,1.05,1.2348,1.0
3342,264.0,64.2,1.05,1.2348,1.0
3343,448.0,64.2,1.05,1.2348,1.0
3346,362.0,64.2,1.05,1.2348,1.0
3347,174.0,64.2,1.05,1.2348,1.0
3358,202.0,51.7,1.05,1.2348,1.0
3359,138.0,55.0,1.05,1.2348,1.0
3360,240.0,55.0,1.05,1.2348,1.0
3361,148.0,55.0,1.05,1.2348,1.0
3362,260.0,55.0,1.05,1.2348,1.0
3363,182.0,55.0,1.05,1.2348,1.0
3364,238.0,51.7,1.05,1.2348,1.0
3365,300.0,51.7,1.05,1.2348,1.0
3366,380.0,55.0,1.05,1.2348,1.0
3367,212.0,55.0,1.05,1.2348,1.0
3400,113.0,64.2,1.05,1.1025,1.0
3428,90.0,64.2,1.05,1.2348,1.0
3429,109.0,64.2,1.05,1.2348,1.0
3431,232.0,64.2,1.05,1.2348,1.0
3432,173.0,64.2,1.05,1.2348,1.0
3433,96.0,64.2,1.05,1.2348,1.0
3440,520.0,64.2,1.05,1.2348,1.0
3451,56.0,64.2,1.05,1.2348,1.0
3452,34.0,64.2,1.05,1.2348,1.0
3453,47.0,64.2,1.05,1.2348,1.0
3458,123.0,64.2,1.05,1.2348,1.0
3459,46.5,64.2,1.05,1.2348,1.0
3460,44.5,64.2,1.05,1.2348,1.0
3466,134.0,64.2,1.05,1.2348,1.0
3467,194.0,64.2,1.05,1.2348,1.0
3504,630.0,64.2,1.05,1.2348,1.0
3510,610.0,51.3,1.05,1.2348,1.0
3511,610.0,51.3,1.05,1.2348,1.0
3512,550.0,51.3,1.05,1.2348,1.0
3513,550.0,51.3,1.05,1.2348,1.0
3514,610.0,51.3,1.05,1.2348,1.0
3515,610.0,51.3,1.05,1.2348,1.0
3516,396.0,51.3,1.05,1.2348,1.0
3517,396.0,51.3,1.05,1.2348,1.0
3518,418.0,51.3,1.05,1.2348,1.0
3519,418.0,51.3,1.05,1.2348,1.0
3520,640.0,51.3,1.05,1.2348,1.0
3521,700.0,51.3,1.05,1.2348,1.0
3523,630.0,51.3,1.05,1.2348,1.0
3524,610.0,51.3,1.05,1.2348,1.0
3525,680.0,51.3,1.05,1.2348,1.0
3526,680.0,51.3,1.05,1.2348,1.0
3527,610.0,51.3,1.05,1.2348,1.0
3528,590.0,51.3,1.05,1.2348,1.0
3529,660.0,51.3,1.05,1.2348,1.0
3530,670.0,64.2,1.05,1.2348,1.0
3533,630.0,51.3,1.05,1.2348,1.0
3534,432.0,51.3,1.05,1.2348,1.0
3535,474.0,51.3,1.05,1.2348,1.0
3536,456.0,51.3,1.05,1.2348,1.0
3537,456.0,51.3,1.05,1.2348,1.0
3538,690.0,51.3,1.05,1.2348,1.0
3539,730.0,51.3,1.05,1.2348,1.0
3540,136.0,55.0,1.05,1.2348,1.0
3541,670.0,51.3,1.05,1.2348,1.0
3542,680.0,51.3,1.05,1.2348,1.0
3543,680.0,51.3,1.05,1.2348,1.0
3544,680.0,51.3,1.05,1.2348,1.0
3545,590.0,51.3,1.05,1.2348,1.0
3546,610.0,51.3,1.05,1.2348,1.0
3547,630.0,51.3,1.05,1.2348,1.0
3548,630.0,51.3,1.05,1.2348,1.0
3549,432.0,51.3,1.05,1.2348,1.0
3550,474.0,51.3,1.05,1.2348,1.0
3551,456.0,51.3,1.05,1.2348,1.0
3552,456.0,51.3,1.05,1.2348,1.0
3553,690.0,51.3,1.05,1.2348,1.0
3554,730.0,51.3,1.05,1.2348,1.0
3555,132.0,55.0,1.05,1.2348,1.0
3556,690.0,51.3,1.05,1.2348,1.0
3557,680.0,51.3,1.05,1.2348,1.0
3558,127.0,55.0,1.05,1.2348,1.0
3559,137.0,55.0,1.05,1.2348,1.0
3560,158.0,55.0,1.05,1.2348,1.0
3561,183.0,51.7,1.05,1.2348,1.0
3562,220.0,71.0,1.05,1.2348,1.0
3563,228.0,51.7,1.05,1.2348,1.0
3570,120.0,64.2,1.05,1.2348,1.0
3571,72.0,64.2,1.05,1.1025,1.0
3572,105.0,64.2,1.05,1.2348,1.0
3574,105.0,64.2,1.05,1.2348,1.0
3576,93.0,64.2,1.05,1.2348,1.0
3577,105.0,64.2,1.05,1.2348,1.0
3579,151.0,64.2,1.05,1.2348,1.0
3580,151.0,64.2,1.05,1.2348,1.0
3627,560.0,51.7,1.05,1.2348,1.0
3629,266.0,51.7,1.05,1.2348,1.0
3630,272.0,55.0,1.05,1.2348,1.0
3631,212.0,55.0,1.05,1.2348,1.0
3632,392.0,51.7,1.05,1.2348,1.0
3633,127.0,51.7,1.05,1.2348,1.0
3634,132.0,51.7,1.05,1.2348,1.0
3635,159.0,55.0,1.05,1.2348,1.0
3636,171.0,55.0,1.05,1.2348,1.0
3637,177.0,55.0,1.05,1.2348,1.0
3649,210.0,51.7,1.05,1.2348,1.0
3650,296.0,64.2,1.05,1.2348,1.0
3651,122.0,64.2,1.05,1.2348,1.0
3654,480.0,64.2,1.05,1.2348,1.0
3660,168.0,64.2,1.05,1.2348,1.0
3663,94.0,64.2,1.05,1.2348,1.0
3664,57.0,64.2,1.05,1.2348,1.0
3668,87.0,64.2,1.05,1.2348,1.0
3669,350.0,64.2,1.05,1.2348,1.0
3670,156.0,64.2,1.05,1.2348,1.0
3676,159.0,55.0,1.05,1.2348,1.0
3677,159.0,55.0,1.05,1.2348,1.0
3678,210.0,51.7,1.05,1.2348,1.0
3679,149.0,55.0,1.05,1.2348,1.0
3680,336.0,51.7,1.05,1.2348,1.0
3682,264.0,51.7,1.05,1.2348,1.0
3684,124.0,55.0,1.05,1.2348,1.0
3686,39.0,51.7,1.05,1.2348,1.0
3689,304.0,55.0,1.05,1.2348,1.0
3690,218.0,64.2,1.05,1.2348,1.0
3691,530.0,55.0,1.05,1.2348,1.0
3692,204.0,64.2,1.05,1.2348,1.0
3693,540.0,51.7,1.05,1.2348,1.0
3694,51.0,64.2,1.05,1.2348,1.0
3695,80.0,64.2,1.05,1.2348,1.0
3698,448.0,64.2,1.05,1.2348,1.0
3703,157.0,64.2,1.05,1.2348,1.0
3704,190.0,64.2,1.05,1.2348,1.0
3705,112.0,64.2,1.05,1.2348,1.0
3706,194.0,64.2,1.05,1.2348,1.0
3709,159.0,55.0,1.05,1.2348,1.0
3711,159.0,55.0,1.05,1.2348,1.0
3713,206.0,55.0,1.05,1.2348,1.0
3715,248.0,55.0,1.05,1.2348,1.0
3716,318.0,55.0,1.05,1.2348,1.0
3719,146.0,55.0,1.05,1.2348,1.0
3720,165.0,55.0,1.05,1.2348,1.0
3721,183.0,55.0,1.05,1.2348,1.0
3722,214.0,55.0,1.05,1.2348,1.0
3723,240.0,55.0,1.05,1.2348,1.0
3727,165.0,55.0,1.05,1.2348,1.0
3729,138.0,55.0,1.05,1.2348,1.0
3730,176.0,55.0,1.05,1.2348,1.0
3731,210.0,55.0,1.05,1.2348,1.0
3732,392.0,55.0,1.05,1.2348,1.0
3734,378.0,47.7,1.05,1.2348,1.0
3735,378.0,47.7,1.05,1.2348,1.0
3736,384.0,55.0,1.05,1.2348,1.0
3737,414.0,47.7,1.05,1.2348,1.0
3740,414.0,43.0909,1.05,1.2348,1.0
3741,171.0,55.0,1.05,1.2348,1.0
3743,414.0,47.7,1.05,1.2348,1.0
3744,414.0,43.64,1.15,1.176,1.0
3745,364.0,47.7,1.05,1.2348,1.0
3746,364.0,47.7,1.05,1.2348,1.0
3748,402.0,47.7,1.05,1.2348,1.0
3749,486.0,64.2,1.05,1.2348,1.0
3750,402.0,47.7,1.05,1.2348,1.0
3751,402.0,47.7,1.05,1.2348,1.0
3752,402.0,47.7,1.05,1.2348,1.0
3753,366.0,47.7,1.05,1.2348,1.0
3754,402.0,47.7,1.05,1.2348,1.0
3755,402.0,47.7,1.05,1.2348,1.0
3756,378.0,47.7,1.05,1.2348,1.0
3757,416.0,47.7,1.05,1.2348,1.0
3758,416.0,47.7,1.05,1.2348,1.0
3759,640.0,47.7,1.05,1.2348,1.0
3760,710.0,47.7,1.05,1.2348,1.0
3761,710.0,47.7,1.05,1.2348,1.0
3762,580.0,51.3,1.05,1.2348,1.0
3763,610.0,51.3,1.05,1.2348,1.0
3764,610.0,51.3,1.05,1.2348,1.0
3765,600.0,47.7,1.05,1.2348,1.0
3766,640.0,47.7,1.05,1.2348,1.0
3767,640.0,47.7,1.05,1.2348,1.0
3768,660.0,47.7,1.05,1.2348,1.0
3769,700.0,47.7,1.05,1.2348,1.0
3770,700.0,47.7,1.05,1.2348,1.0
3771,670.0,47.7,1.05,1.2348,1.0
3772,710.0,47.7,1.05,1.2348,1.0
3773,710.0,47.7,1.05,1.2348,1.0
3774,730.0,45.8,1.0,1.176,1.0
3775,840.0,45.8,1.0,1.176,1.0
3776,760.0,45.8,1.0,1.176,1.0
3777,880.0,45.8,1.0,1.176,1.0
3778,730.0,45.8,1.0,1.176,1.0
3779,840.0,45.8,1.0,1.176,1.0
3780,780.0,45.8,1.0,1.176,1.0
3781,880.0,45.8,1.0,1.176,1.0
3782,730.0,45.8,1.0,1.176,1.0
3783,840.0,45.8,1.0,1.176,1.0
3784,780.0,45.8,1.0,1.176,1.0
3785,880.0,45.8,1.0,1.176,1.0
3786,800.0,45.8,1.0,1.176,1.0
3787,900.0,45.8,1.0,1.176,1.0
3788,850.0,45.8,1.0,1.176,1.0
3789,950.0,45.8,1.0,1.176,1.0
3790,800.0,45.8,1.0,1.176,1.0
3791,900.0,45.8,1.0,1.176,1.0
3792,850.0,45.8,1.0,1.176,1.0
3793,950.0,45.8,1.0,1.176,1.0
3794,800.0,45.8,1.0,1.176,1.0
3795,900.0,45.8,1.0,1.176,1.0
3796,850.0,45.8,1.0,1.176,1.0
3797,950.0,45.8,1.0,1.176,1.0
3836,76.0,64.2,1.05,1.2348,1.0
3848,94.0,55.0,1.05,1.2348,1.0
3849,218.0,80.0,1.23,1.3,1.0
3854,122.0,55.0,1.05,1.2348,1.0
3863,53.0,0.0,1.05,1.2348,1.0
3866,66.0,0.0,1.05,1.2348,1.0
4024,79.0,72.9,1.05,1.2348,1.0
4025,88.0,72.9,1.05,1.2348,1.0
4026,93.0,72.9,1.05,1.2348,1.0
4038,2285.0,44.0,1.05,1.2348,1.0
4040,32.5,42.5,1.05,1.2348,1.0
4041,32.5,42.5,1.05,1.2348,1.0
4042,306.0,54.2,1.05,1.2348,1.0
4043,330.0,54.2,1.05,1.2348,1.0
4044,630.0,55.4,1.05,1.2348,1.0
4045,640.0,55.4,1.05,1.2348,1.0
4048,376.0,54.2,1.05,1.2348,1.0
4049,0.72,42.5,1.05,1.2348,1.0
4051,113.0,42.5,1.05,1.2348,1.0
4052,12.2,42.5,1.05,1.2348,1.0
4053,12.2,42.5,1.05,1.2348,1.0
4054,11.0,42.5,1.05,1.2348,1.0
4055,11.0,42.5,1.05,1.2348,1.0
4056,0.41,42.5,1.05,1.2348,1.0
4058,7.9,42.5,1.05,1.2348,1.0
4059,4.8,42.5,1.05,1.2348,1.0
4060,4.8,42.5,1.05,1.2348,1.0
4061,16.5,42.5,1.05,1.2348,1.0
4071,3.2,54.2,1.05,1.2348,1.0
4072,15.5,54.2,1.05,1.2348,1.0
4100,141.0,0.0,1.05,1.2348,1.0
4101,161.0,0.0,1.05,1.2348,1.0
4102,1.35,42.8,1.05,1.2348,1.0
4142,680.0,44.0,1.05,1.2348,1.0
4144,1000.0,44.0,1.05,1.2348,1.0
4148,660.0,44.0,1.05,1.2348,1.0
4149,690.0,44.0,1.05,1.2348,1.0
4150,1200.0,37.7,1.05,1.2348,1.0
4160,75.0,37.7,1.05,1.2348,1.0
4164,9.4,42.8,1.05,1.2348,1.0
4166,2.9,42.8,1.05,1.2348,1.0
4168,15.0,0.0,1.05,1.2348,1.0
4170,9.5,49.3,1.05,1.2348,1.0
4171,9.5,49.3,1.05,1.2348,1.0
4172,15.25,44.0,1.05,1.2348,1.0
4173,9.5,49.3,1.05,1.2348,1.0
4179,20.0,49.3,1.05,1.2348,1.0
4180,20.0,72.9,1.05,1.2348,1.0
4181,20.0,69.8,1.05,1.2348,1.0
4182,20.0,49.3,1.05,1.2348,1.0
4188,14.5,42.8,1.05,1.2348,1.0
4189,2.8,42.8,1.05,1.2348,1.0
4206,74.0,49.0,1.05,1.1025,1.0
4299,146.7,0.0,1.05,1.2348,1.0
4303,144.0,44.0,1.05,1.1025,1.0
4304,193.0,44.0,1.05,1.2348,1.0
4306,44.0,44.0,1.05,1.2348,1.0
4307,24.5,44.0,1.05,1.1025,1.0
4308,52.0,44.0,1.05,1.2348,1.0
4312,505.46,44.0,1.05,1.2348,1.0
4313,490.0,44.0,1.05,1.2348,1.0
4317,67.0,44.0,1.05,1.1025,1.0
4318,101.0,44.0,1.05,1.1025,1.0
4320,208.0,44.0,1.05,1.1025,1.0
4321,425.0,44.0,1.05,1.2348,1.0
4322,94.0,44.0,1.05,1.2348,1.0
4324,234.0,44.0,1.05,1.1025,1.0
4325,14.8,44.0,1.05,1.2348,1.0
4326,284.0,44.0,1.05,1.1025,1.0
4329,206.0,44.0,1.05,1.1025,1.0
4333,123.0,44.0,1.05,1.2348,1.0
4334,210.0,44.0,1.05,1.1025,1.0
4340,284.0,44.0,1.05,1.1025,1.0
4343,180.0,44.0,1.05,1.1025,1.0
4346,330.0,44.0,1.05,1.1025,1.0
4350,434.0,44.0,1.05,1.2348,1.0
4355,428.0,44.0,1.05,1.2348,1.0
4361,187.0,44.0,1.05,1.1025,1.0
4362,220.0,44.0,1.05,1.2348,1.0
4367,328.0,44.0,1.05,1.2348,1.0
4368,84.0,44.0,1.05,1.2348,1.0
4369,97.0,44.0,1.05,1.2348,1.0
4385,306.0,44.0,1.05,1.1025,1.0
4386,350.0,44.0,1.05,1.1025,1.0
4395,366.0,44.0,1.05,1.2348,1.0
4396,509.0,37.7,1.05,1.2348,1.0
4399,710.0,44.0,1.05,1.1025,1.0
4449,9.9,44.0,1.05,1.1025,1.0
4500,100.0,42.5,1.05,1.2348,1.0
4501,99.0,42.5,1.05,1.2348,1.0
4502,100.0,42.5,1.05,1.2348,1.0
4503,99.0,42.5,1.05,1.2348,1.0
4504,120.0,42.5,1.05,1.2348,1.0
4505,120.0,42.5,1.05,1.2348,1.0
4506,120.0,42.5,1.05,1.2348,1.0
4507,120.0,42.5,1.05,1.2348,1.0
4510,700.0,44.0,1.05,1.2348,1.0
4512,680.0,44.0,1.05,1.2348,1.0
4514,434.0,44.0,1.05,1.2348,1.0
4516,120.0,42.5,1.05,1.2348,1.0
4517,120.0,42.5,1.05,1.2348,1.0
4518,120.0,42.5,1.05,1.2348,1.0
4519,120.0,42.5,1.05,1.2348,1.0
4520,120.0,42.5,1.05,1.2348,1.0
4521,120.0,42.5,1.05,1.2348,1.0
4522,120.0,42.5,1.05,1.2348,1.0
4523,120.0,42.5,1.05,1.2348,1.0
4549,550.0,44.0,1.05,1.2348,1.0
4584,736.0,44.0,1.05,1.1025,1.0
4586,540.0,44.0,1.05,1.1025,1.0
4718,127.0,37.7,1.05,1.148,1.0
4719,95.0,51.4,1.05,1.148,1.0
4720,96.0,32.5,1.05,1.148,1.0
4721,1780.0,32.5,1.05,1.2348,1.0
4733,316.0,44.0,1.05,1.2348,1.0
4736,244.0,52.5,1.05,1.2348,1.0
4739,246.0,52.5,1.05,1.2348,1.0
4742,8950.0,32.5,1.05,1.2348,1.0
4743,610.0,25.6,1.05,1.2348,1.0
4744,246.0,27.6,1.05,1.148,1.0
4745,246.0,27.6,1.05,1.148,1.0
4746,214.0,27.6,1.05,1.148,1.0
4747,2460.0,27.6,1.05,1.148,1.0
4750,9.5,27.6,1.05,1.148,1.0
4753,26800.0,32.5,1.05,1.2348,1.0
4769,60.0,27.6,1.05,1.148,1.0
4777,466.0,44.0,1.05,1.2348,1.0
4907,1.6,44.0,1.05,1.2348,1.0
4911,18.2,44.0,1.05,1.1025,1.0
4912,4.7,44.0,1.05,1.2348,1.0
4913,17.0,44.0,1.05,1.1025,1.0
4914,42.0,44.0,1.05,1.1025,1.0
4915,282.0,44.0,1.05,1.2348,1.0
4916,9.1,44.0,1.05,1.2348,1.0
4917,8.7,54.2,1.05,1.2348,1.0
4919,11.2,44.0,1.05,1.1025,1.0
4920,1.85,42.8,1.05,1.2348,1.0
4921,0.51,44.0,1.05,1.2348,1.0
4924,19.6,44.0,1.05,1.1025,1.0
4925,15.2,44.0,1.05,1.1025,1.0
4926,11.1,44.0,1.05,1.1025,1.0
4927,11.7,44.0,1.05,1.1025,1.0
4929,154.0,44.0,1.05,1.1025,1.0
4949,11.0,44.0,1.05,1.1025,1.0
4950,9.9,44.0,1.05,1.2348,1.0
4954,276.0,44.0,1.05,1.1025,1.0
4955,22.15,37.7,1.05,1.2348,1.0
4957,25.0,44.0,1.05,1.2348,1.0
4958,168.0,44.0,1.05,1.2348,1.0
4968,3680.0,44.0,1.05,1.2348,1.0
4970,270.0,44.0,1.05,1.1025,1.0
4971,418.0,44.0,1.05,1.1025,1.0
4974,860.0,44.0,1.05,1.2348,1.0
4975,252.0,44.0,1.05,1.2348,1.0
4978,2100.0,44.0,1.05,1.2348,1.0
4982,206.0,44.0,1.05,1.2348,1.0
4983,284.0,44.0,1.05,1.2348,1.0
4990,292.0,44.0,1.05,1.2348,1.0
4991,167.0,44.0,1.05,1.2348,1.0
5018,86.0,58.0,1.05,1.2348,1.0
5019,169.0,58.0,1.05,1.2348,1.0
5020,111.0,58.0,1.05,1.2348,1.0
5021,145.0,58.0,1.05,1.2348,1.0
5022,90.0,58.0,1.05,1.2348,1.0
5023,99.0,58.0,1.05,1.2348,1.0
5024,101.0,55.0,1.05,1.2348,1.0
5026,118.0,58.0,1.05,1.2348,1.0
5102,52.7,52.7,1.05,1.2348,1.0
5103,52.7,52.7,1.05,1.2348,1.0
5105,52.7,52.7,1.05,1.2348,1.0
5106,52.7,52.7,1.05,1.2348,1.0
5108,52.7,52.7,1.05,1.2348,1.0
5109,52.7,52.7,1.05,1.2348,1.0
5111,52.7,52.7,1.05,1.2348,1.0
5112,52.7,52.7,1.05,1.2348,1.0
5114,52.7,52.7,1.05,1.2348,1.0
5115,52.7,52.7,1.05,1.2348,1.0
5117,52.7,52.7,1.05,1.2348,1.0
5118,52.7,52.7,1.05,1.2348,1.0
5120,52.7,52.7,1.05,1.2348,1.0
5122,52.7,52.7,1.05,1.2348,1.0
5123,52.7,52.7,1.05,1.2348,1.0
5124,52.7,52.7,1.05,1.2348,1.0
5125,52.7,52.7,1.05,1.2348,1.0
5130,52.7,52.7,1.05,1.2348,1.0
5131,52.7,52.7,1.05,1.2348,1.0
5135,52.7,52.7,1.05,1.2348,1.0
5137,52.7,52.7,1.05,1.2348,1.0
5139,52.7,52.7,1.05,1.2348,1.0
5140,52.7,52.7,1.05,1.2348,1.0
5141,52.7,52.7,1.05,1.2348,1.0
5143,52.7,52.7,1.05,1.2348,1.0
5144,52.7,52.7,1.05,1.2348,1.0
5145,52.7,52.7,1.05,1.2348,1.0
5147,52.7,52.7,1.05,1.2348,1.0
5242,312.0,54.2,1.05,1.2348,1.0
5243,354.0,54.2,1.05,1.2348,1.0
5248,406.0,54.2,1.05,1.2348,1.0
5493,510.0,38.0,1.05,1.2348,1.0
5502,102.5,53.0,1.1,1.2348,1.0
5504,193.85,53.0,1.1,1.2348,1.0
5505,107.25,53.0,1.1,1.2348,1.0
5506,137.2,53.0,1.1,1.2348,1.0
5507,111.0,53.0,1.1,1.2348,1.0
5510,252.0,48.0,1.05,1.2348,1.0
5511,306.0,48.0,1.09,1.2348,1.0
5512,462.85,48.0,1.05,1.2348,1.0
5513,183.5,48.0,1.15,1.2348,1.0
5514,130.0,48.0,1.05,1.2348,1.0
5515,148.0,48.0,1.15,1.2348,1.0
5516,49.0,48.0,1.15,1.2348,1.0
5517,71.35,48.0,1.15,1.2348,1.0
5518,226.5,48.0,1.1,1.2348,1.0
5519,24.5,49.0,1.05,1.2348,1.0
5520,25.6,49.0,1.05,1.2348,1.0
5521,53.35,49.0,1.05,1.2348,1.0
5522,69.7,49.0,1.05,1.2348,1.0
5523,17.55,49.0,1.05,1.2348,1.0
5524,15.9,49.0,1.05,1.2348,1.0
5525,704.05,48.0,1.15,1.2348,1.0
5527,94.0,35.0,1.05,1.3,1.0
5529,232.0,53.0,1.15,1.2348,1.0
5530,130.7,53.0,1.1,1.2348,1.0
5531,130.7,53.0,1.15,1.2348,1.0
5532,168.8,53.0,1.15,1.2348,1.0
5533,60.0,53.0,1.15,1.2348,1.0
5534,136.15,53.0,1.15,1.2348,1.0
5535,277.65,53.0,1.1,1.2348,1.0
5540,62.0,53.0,1.05,1.2348,1.0
5541,80.0,53.0,1.05,1.2348,1.0
5542,82.0,53.0,1.05,1.2348,1.0
5543,125.25,53.0,1.15,1.2348,1.0
5544,155.0,53.0,1.15,1.2348,1.0
5545,147.0,53.0,1.15,1.2348,1.0
5546,141.55,53.0,1.0,1.2348,1.0
5549,190.6,53.0,1.15,1.2348,1.0
5550,20.7,73.0,1.05,1.2348,1.0
5551,19.6,73.0,1.05,1.2348,1.0
5552,21.8,73.0,1.05,1.2348,1.0
5553,25.05,73.0,1.05,1.2348,1.0
5554,21.8,73.0,1.05,1.2348,1.0
5555,21.8,73.0,1.05,1.2348,1.0
5556,172.3,53.0,1.15,1.2348,1.0
5557,19.6,73.0,1.05,1.2348,1.0
5558,21.8,73.0,1.05,1.2348,1.0
5559,22.85,73.0,1.05,1.2348,1.0
5560,18.5,73.0,1.05,1.2348,1.0
5561,18.5,73.0,1.05,1.2348,1.0
5562,36.0,73.0,1.05,1.2348,1.0
5563,59.2,73.0,1.05,1.2348,1.0
5564,40.0,73.0,1.05,1.2348,1.0
5565,32.0,73.0,1.05,1.2348,1.0
5566,38.0,73.0,1.05,1.2348,1.0
5567,36.0,73.0,1.05,1.2348,1.0
5568,35.0,73.0,1.05,1.2348,1.0
5569,35.0,73.0,1.05,1.2348,1.0
5570,40.0,73.0,1.05,1.2348,1.0
5571,47.0,73.0,1.05,1.2348,1.0
5572,37.0,73.0,1.05,1.2348,1.0
5573,95.85,53.0,1.15,1.2348,1.0
5574,29.95,53.0,1.15,1.2348,1.0
5575,135.0,50.0,1.05,1.2348,1.0
5576,116.0,50.0,1.05,1.2348,1.0
5577,82.0,50.0,1.05,1.2348,1.0
5582,393.1,53.0,1.05,1.3,1.0
5583,213.25,53.0,1.05,1.3,1.0
5584,168.2,53.0,1.05,1.3,1.0
5585,146.45,53.0,1.05,1.3,1.0
5586,31.15,73.0,1.05,1.3,1.0
5587,35.75,73.0,1.05,1.3,1.0
5588,33.4,73.0,1.05,1.3,1.0
5589,60.2,73.0,1.05,1.3,1.0
5590,32.0,73.0,1.05,1.3,1.0
5591,41.1,73.0,1.05,1.3,1.0
5592,33.45,73.0,1.05,1.3,1.0
5593,116.55,73.0,1.05,1.3,1.0
5594,34.7,73.0,1.05,1.3,1.0
5595,51.75,73.0,1.05,1.3,1.0
5596,37.05,73.0,1.05,1.3,1.0
5598,46.0,73.0,1.05,1.2348,1.0
5599,86.3,73.0,1.05,1.3,1.0
5610,247.2,48.0,1.0,1.2348,1.0
5611,239.0,48.0,1.09,1.2348,1.0
5612,472.65,48.0,1.05,1.2348,1.0
5614,134.0,48.0,1.05,1.2348,1.0
5615,154.0,48.0,1.05,1.2348,1.0
5634,75.0,0.0,1.05,1.46972,1.0
5635,80.0,0.0,1.05,1.70496,1.0
5729,248.3,53.0,1.1,1.2348,1.0
5730,116.0,53.0,1.1,1.2348,1.0
5735,269.55,53.0,1.1,1.2348,1.0
5742,38.5,53.0,1.1,1.2348,1.0
5743,111.0,53.0,1.1,1.2348,1.0
5745,234.4,53.0,1.1,1.2348,1.0
6001,1220.0,43.7,1.05,1.1025,1.0
6002,1520.0,43.7,1.05,1.1025,1.0
6003,2820.0,43.7,1.05,1.1025,1.0
6021,82.0,43.7,1.05,1.1025,1.0
6022,17.4,43.7,1.05,1.1025,1.0
6031,1400.0,43.7,1.05,1.1025,1.0
6032,1700.0,43.7,1.05,1.1025,1.0
6033,1900.0,43.7,1.05,1.1025,1.0
6041,1540.0,43.7,1.05,1.1025,1.0
6042,1820.0,43.7,1.05,1.1025,1.0
6043,2040.0,43.7,1.05,1.1025,1.0
6051,484.0,43.7,1.05,1.1025,1.0
6052,690.0,43.7,1.05,1.1025,1.0
6056,630.0,43.7,1.05,1.1025,1.0
6068,266.0,55.4,1.05,1.2348,1.0
6069,450.0,55.4,1.05,1.2348,1.0
6070,500.0,55.4,1.05,1.2348,1.0
6101,470.0,43.7,1.05,1.1025,1.0
6102,442.0,43.7,1.05,1.1025,1.0
6103,442.0,43.7,1.05,1.1025,1.0
6104,442.0,43.7,1.05,1.1025,1.0
6105,442.0,43.7,1.05,1.1025,1.0
6111,640.0,43.7,1.05,1.1025,1.0
6112,336.0,43.7,1.05,1.1025,1.0
6113,326.0,43.7,1.05,1.1025,1.0
6114,550.0,43.7,1.05,1.1025,1.0
6115,282.0,43.7,1.05,1.1025,1.0
6116,262.0,43.7,1.05,1.1025,1.0
6126,15.3,43.7,1.05,1.1025,1.0
6127,6.2,43.7,1.05,1.1025,1.0
6128,5.5,43.7,1.05,1.1025,1.0
6151,131.0,43.7,1.05,1.1025,1.0
6152,153.0,43.7,1.05,1.1025,1.0
6153,170.0,43.7,1.05,1.1025,1.0
6154,206.0,43.7,1.05,1.1025,1.0
6155,11.8,43.7,1.05,1.1025,1.0
6201,21.5,43.7,1.05,1.1025,1.0
6202,21.5,43.7,1.05,1.1025,1.0
6203,21.5,43.7,1.05,1.1025,1.0
6204,21.5,43.7,1.05,1.1025,1.0
6205,25.0,43.7,1.05,1.1025,1.0
6208,21.5,43.7,1.05,1.1025,1.0
6209,21.5,43.7,1.05,1.1025,1.0
6210,21.5,43.7,1.05,1.1025,1.0
6211,21.5,43.7,1.05,1.1025,1.0
6212,25.0,43.7,1.05,1.1025,1.0
6213,14.4,43.7,1.05,1.1025,1.0
6214,14.4,43.7,1.05,1.1025,1.0
6215,15.3,43.7,1.05,1.1025,1.0
6231,6.7,43.7,1.05,1.1025,1.0
6234,15.3,43.7,1.05,1.1025,1.0
6235,15.3,43.7,1.05,1.1025,1.0
6236,15.3,43.7,1.05,1.1025,1.0
6245,21.5,43.7,1.05,1.1025,1.0
6246,21.5,43.7,1.05,1.1025,1.0
6247,21.5,43.7,1.05,1.1025,1.0
6248,21.5,43.7,1.05,1.1025,1.0
6249,25.0,43.7,1.05,1.1025,1.0
6252,21.5,43.7,1.05,1.1025,1.0
6253,21.5,43.7,1.05,1.1025,1.0
6254,21.5,43.7,1.05,1.1025,1.0
6255,21.5,43.7,1.05,1.1025,1.0
6256,25.5,43.7,1.05,1.1025,1.0
6271,6.0,43.7,1.05,1.1025,1.0
6273,7.5,43.7,1.05,1.1025,1.0
6275,10.7,43.7,1.05,1.1025,1.0
6276,12.9,43.7,1.05,1.1025,1.0
6277,8.4,43.7,1.05,1.1025,1.0
6278,8.4,43.7,1.05,1.1025,1.0
6279,8.4,43.7,1.05,1.1025,1.0
6280,8.4,43.7,1.05,1.1025,1.0
6281,8.4,43.7,1.05,1.1025,1.0
6282,8.4,43.7,1.05,1.1025,1.0
6283,10.7,43.7,1.05,1.1025,1.0
6284,10.1,43.7,1.05,1.1025,1.0
6285,9.2,43.7,1.05,1.1025,1.0
6286,9.2,43.7,1.05,1.1025,1.0
6287,6.0,43.7,1.05,1.1025,1.0
6288,6.0,43.7,1.05,1.1025,1.0
6289,6.0,43.7,1.05,1.1025,1.0
6290,5.8,43.7,1.05,1.1025,1.0
6291,7.7,43.7,1.05,1.1025,1.0
6292,9.3,43.7,1.05,1.1025,1.0
6293,10.1,43.7,1.05,1.1025,1.0
6294,10.4,43.7,1.05,1.1025,1.0
6295,8.0,43.7,1.05,1.1025,1.0
6296,8.0,43.7,1.05,1.1025,1.0
6297,12.5,43.7,1.05,1.1025,1.0
6298,10.7,39.5,1.05,1.1025,1.0
6400,42.0,52.0,1.05,1.2348,1.0
6401,48.0,52.0,1.05,1.2348,1.0
6501,460.0,46.6,1.05,1.176,1.0
6502,600.0,46.6,1.05,1.176,1.0
6511,256.0,51.6,1.15,1.2348,1.0
6512,272.0,45.5,1.23,1.3,1.0
6513,312.0,51.6,1.15,1.2348,1.0
7011,146.0,0.0,1.23,1.3,1.0
7014,328.317,0.0,1.23,1.3,1.0
7016,30.18,0.0,1.23,1.23,1.0
7021,222.365,0.0,1.23,1.3,1.0
7022,81.21,0.0,1.23,1.3,1.0
7031,146.476,0.0,1.23,1.3,1.0
7075,340.23,0.0,1.23,1.3,1.0
7085,54.01,0.0,1.23,1.3,1.0
7187,130.339,0.0,1.23,1.3,1.0
7301,233.244,0.0,1.23,1.3,1.0
7302,305.0,0.0,1.23,1.3,1.0
7309,302.832,0.0,1.23,1.3,1.0
7325,8.68,0.0,1.23,1.3,1.0
7328,278.49,0.0,1.23,1.3,1.0
7330,380.0,0.0,1.23,1.3,1.0
7339,234.612,0.0,1.23,1.3,1.0
7352,101.739,0.0,1.23,1.3,1.0
7353,137.67,0.0,1.23,1.3,1.0
7354,107.756,0.0,1.23,1.3,1.0
7355,144.95,0.0,1.23,1.3,1.0
7358,185.302,0.0,1.23,1.3,1.0
7359,173.862,0.0,1.23,1.3,1.0
7367,83.59,0.0,1.23,1.3,1.0
7370,1364.0,0.0,1.23,1.3,1.0
7372,105.78,0.0,1.23,1.3,1.0
7374,106.87,0.0,1.23,1.3,1.0
7383,134.043,0.0,1.23,1.3,1.0
7386,465.0,0.0,1.23,1.3,1.0
7387,234.972,0.0,1.23,1.3,1.0
7540,28.028,0.0,1.23,1.3,1.0
7541,72.3,0.0,1.23,1.3,1.0
7556,50.292,0.0,1.23,1.3,1.0
7579,124.11,0.0,1.0,1.3,1.0
7580,111.11,0.0,1.0,1.3,1.0
7581,85.81,0.0,1.0,1.3,1.0
7622,114.0,37.7,1.05,1.3,1.0
7650,10.7,0.0,1.05,1.3,1.0
7651,9.7,0.0,1.05,1.3,1.0
7658,10.7,0.0,1.05,1.3,1.0
7924,79.536,0.0,1.23,1.3,1.0
7932,132.869,0.0,1.23,1.3,1.0
7933,282.178,0.0,1.23,1.3,1.0
7934,315.0,0.0,1.23,1.3,1.0
7935,273.806,0.0,1.23,1.3,1.0
7940,304.304,0.0,1.23,1.3,1.0
7945,900.9,0.0,1.23,1.3,1.0
7947,138.957,0.0,1.23,1.3,1.0
9269,72.3,0.0,1.23,1.3776,1.0
9270,72.3,0.0,1.23,1.3776,1.0
9271,72.3,0.0,1.23,1.3776,1.0
9272,72.3,0.0,1.23,1.3776,1.0
22001,68.95,0.0,1.23,1.12,1.0
22002,65.71,0.0,1.23,1.12,1.0
22003,68.95,0.0,1.23,1.12,1.0
22004,65.71,0.0,1.23,1.12,1.0
22005,62.67,0.0,1.23,1.12,1.0
22006,62.67,0.0,1.23,1.12,1.0
327581,17.0,0.0,1.0,1.12,1.0
327582,16.65,0.0,1.0,1.12,1.0
327604,14.45,0.0,1.0,1.12,1.0
302101327,14.65,0.0,1.23,1.3,1.0
